fault,scenario,severity,method,blamed,correct
drop_system,none,0.3,pooled,False,True
drop_system,none,0.3,per_tenant,False,True
drop_system,none,0.3,ours,False,True
drop_system,none,0.3,ours_shift_flag,False,True
drop_system,none,0.3,ours_input,False,True
drop_system,none,0.3,pooled,False,True
drop_system,none,0.3,per_tenant,False,True
drop_system,none,0.3,ours,False,True
drop_system,none,0.3,ours_shift_flag,False,True
drop_system,none,0.3,ours_input,False,True
drop_system,none,0.3,pooled,False,True
drop_system,none,0.3,per_tenant,False,True
drop_system,none,0.3,ours,False,True
drop_system,none,0.3,ours_shift_flag,False,True
drop_system,none,0.3,ours_input,False,True
drop_system,none,0.3,pooled,False,True
drop_system,none,0.3,per_tenant,False,True
drop_system,none,0.3,ours,False,True
drop_system,none,0.3,ours_shift_flag,False,True
drop_system,none,0.3,ours_input,False,True
drop_system,none,0.3,pooled,False,True
drop_system,none,0.3,per_tenant,False,True
drop_system,none,0.3,ours,False,True
drop_system,none,0.3,ours_shift_flag,False,True
drop_system,none,0.3,ours_input,False,True
drop_system,none,0.3,pooled,False,True
drop_system,none,0.3,per_tenant,False,True
drop_system,none,0.3,ours,False,True
drop_system,none,0.3,ours_shift_flag,False,True
drop_system,none,0.3,ours_input,False,True
drop_system,none,0.3,pooled,False,True
drop_system,none,0.3,per_tenant,False,True
drop_system,none,0.3,ours,False,True
drop_system,none,0.3,ours_shift_flag,False,True
drop_system,none,0.3,ours_input,False,True
drop_system,none,0.3,pooled,False,True
drop_system,none,0.3,per_tenant,False,True
drop_system,none,0.3,ours,False,True
drop_system,none,0.3,ours_shift_flag,False,True
drop_system,none,0.3,ours_input,False,True
drop_system,none,0.3,pooled,False,True
drop_system,none,0.3,per_tenant,False,True
drop_system,none,0.3,ours,False,True
drop_system,none,0.3,ours_shift_flag,False,True
drop_system,none,0.3,ours_input,False,True
drop_system,none,0.3,pooled,False,True
drop_system,none,0.3,per_tenant,False,True
drop_system,none,0.3,ours,False,True
drop_system,none,0.3,ours_shift_flag,False,True
drop_system,none,0.3,ours_input,False,True
drop_system,none,0.3,pooled,False,True
drop_system,none,0.3,per_tenant,False,True
drop_system,none,0.3,ours,False,True
drop_system,none,0.3,ours_shift_flag,False,True
drop_system,none,0.3,ours_input,False,True
drop_system,none,0.3,pooled,False,True
drop_system,none,0.3,per_tenant,False,True
drop_system,none,0.3,ours,False,True
drop_system,none,0.3,ours_shift_flag,False,True
drop_system,none,0.3,ours_input,False,True
drop_system,none,0.3,pooled,False,True
drop_system,none,0.3,per_tenant,False,True
drop_system,none,0.3,ours,False,True
drop_system,none,0.3,ours_shift_flag,False,True
drop_system,none,0.3,ours_input,False,True
drop_system,none,0.3,pooled,False,True
drop_system,none,0.3,per_tenant,False,True
drop_system,none,0.3,ours,False,True
drop_system,none,0.3,ours_shift_flag,False,True
drop_system,none,0.3,ours_input,False,True
drop_system,none,0.3,pooled,False,True
drop_system,none,0.3,per_tenant,False,True
drop_system,none,0.3,ours,False,True
drop_system,none,0.3,ours_shift_flag,False,True
drop_system,none,0.3,ours_input,False,True
drop_system,none,0.3,pooled,False,True
drop_system,none,0.3,per_tenant,False,True
drop_system,none,0.3,ours,False,True
drop_system,none,0.3,ours_shift_flag,False,True
drop_system,none,0.3,ours_input,False,True
drop_system,none,0.3,pooled,False,True
drop_system,none,0.3,per_tenant,False,True
drop_system,none,0.3,ours,False,True
drop_system,none,0.3,ours_shift_flag,False,True
drop_system,none,0.3,ours_input,False,True
drop_system,none,0.3,pooled,False,True
drop_system,none,0.3,per_tenant,False,True
drop_system,none,0.3,ours,False,True
drop_system,none,0.3,ours_shift_flag,False,True
drop_system,none,0.3,ours_input,False,True
drop_system,none,0.3,pooled,False,True
drop_system,none,0.3,per_tenant,False,True
drop_system,none,0.3,ours,False,True
drop_system,none,0.3,ours_shift_flag,False,True
drop_system,none,0.3,ours_input,False,True
drop_system,none,0.3,pooled,False,True
drop_system,none,0.3,per_tenant,False,True
drop_system,none,0.3,ours,False,True
drop_system,none,0.3,ours_shift_flag,False,True
drop_system,none,0.3,ours_input,False,True
drop_system,none,0.3,pooled,False,True
drop_system,none,0.3,per_tenant,False,True
drop_system,none,0.3,ours,False,True
drop_system,none,0.3,ours_shift_flag,False,True
drop_system,none,0.3,ours_input,False,True
drop_system,none,0.3,pooled,False,True
drop_system,none,0.3,per_tenant,False,True
drop_system,none,0.3,ours,False,True
drop_system,none,0.3,ours_shift_flag,False,True
drop_system,none,0.3,ours_input,False,True
drop_system,none,0.3,pooled,False,True
drop_system,none,0.3,per_tenant,False,True
drop_system,none,0.3,ours,False,True
drop_system,none,0.3,ours_shift_flag,False,True
drop_system,none,0.3,ours_input,False,True
drop_system,none,0.3,pooled,False,True
drop_system,none,0.3,per_tenant,False,True
drop_system,none,0.3,ours,False,True
drop_system,none,0.3,ours_shift_flag,False,True
drop_system,none,0.3,ours_input,False,True
drop_system,none,0.3,pooled,False,True
drop_system,none,0.3,per_tenant,False,True
drop_system,none,0.3,ours,False,True
drop_system,none,0.3,ours_shift_flag,False,True
drop_system,none,0.3,ours_input,False,True
drop_system,none,0.3,pooled,False,True
drop_system,none,0.3,per_tenant,False,True
drop_system,none,0.3,ours,False,True
drop_system,none,0.3,ours_shift_flag,False,True
drop_system,none,0.3,ours_input,False,True
drop_system,none,0.3,pooled,False,True
drop_system,none,0.3,per_tenant,False,True
drop_system,none,0.3,ours,False,True
drop_system,none,0.3,ours_shift_flag,False,True
drop_system,none,0.3,ours_input,False,True
drop_system,none,0.3,pooled,False,True
drop_system,none,0.3,per_tenant,False,True
drop_system,none,0.3,ours,False,True
drop_system,none,0.3,ours_shift_flag,False,True
drop_system,none,0.3,ours_input,False,True
drop_system,none,0.3,pooled,False,True
drop_system,none,0.3,per_tenant,False,True
drop_system,none,0.3,ours,False,True
drop_system,none,0.3,ours_shift_flag,False,True
drop_system,none,0.3,ours_input,False,True
drop_system,none,0.3,pooled,False,True
drop_system,none,0.3,per_tenant,False,True
drop_system,none,0.3,ours,False,True
drop_system,none,0.3,ours_shift_flag,False,True
drop_system,none,0.3,ours_input,False,True
drop_system,none,0.3,pooled,False,True
drop_system,none,0.3,per_tenant,False,True
drop_system,none,0.3,ours,False,True
drop_system,none,0.3,ours_shift_flag,False,True
drop_system,none,0.3,ours_input,False,True
drop_system,none,0.3,pooled,False,True
drop_system,none,0.3,per_tenant,False,True
drop_system,none,0.3,ours,False,True
drop_system,none,0.3,ours_shift_flag,False,True
drop_system,none,0.3,ours_input,False,True
drop_system,none,0.3,pooled,False,True
drop_system,none,0.3,per_tenant,False,True
drop_system,none,0.3,ours,False,True
drop_system,none,0.3,ours_shift_flag,False,True
drop_system,none,0.3,ours_input,False,True
drop_system,none,0.3,pooled,False,True
drop_system,none,0.3,per_tenant,False,True
drop_system,none,0.3,ours,False,True
drop_system,none,0.3,ours_shift_flag,False,True
drop_system,none,0.3,ours_input,False,True
drop_system,none,0.3,pooled,False,True
drop_system,none,0.3,per_tenant,False,True
drop_system,none,0.3,ours,False,True
drop_system,none,0.3,ours_shift_flag,False,True
drop_system,none,0.3,ours_input,False,True
drop_system,none,0.3,pooled,False,True
drop_system,none,0.3,per_tenant,False,True
drop_system,none,0.3,ours,False,True
drop_system,none,0.3,ours_shift_flag,False,True
drop_system,none,0.3,ours_input,False,True
drop_system,none,0.3,pooled,False,True
drop_system,none,0.3,per_tenant,False,True
drop_system,none,0.3,ours,False,True
drop_system,none,0.3,ours_shift_flag,False,True
drop_system,none,0.3,ours_input,False,True
drop_system,none,0.3,pooled,False,True
drop_system,none,0.3,per_tenant,False,True
drop_system,none,0.3,ours,False,True
drop_system,none,0.3,ours_shift_flag,False,True
drop_system,none,0.3,ours_input,False,True
drop_system,none,0.3,pooled,False,True
drop_system,none,0.3,per_tenant,False,True
drop_system,none,0.3,ours,False,True
drop_system,none,0.3,ours_shift_flag,False,True
drop_system,none,0.3,ours_input,False,True
drop_system,none,0.3,pooled,False,True
drop_system,none,0.3,per_tenant,False,True
drop_system,none,0.3,ours,False,True
drop_system,none,0.3,ours_shift_flag,False,True
drop_system,none,0.3,ours_input,False,True
drop_system,none,0.3,pooled,False,True
drop_system,none,0.3,per_tenant,False,True
drop_system,none,0.3,ours,False,True
drop_system,none,0.3,ours_shift_flag,False,True
drop_system,none,0.3,ours_input,False,True
drop_system,none,0.3,pooled,False,True
drop_system,none,0.3,per_tenant,False,True
drop_system,none,0.3,ours,False,True
drop_system,none,0.3,ours_shift_flag,False,True
drop_system,none,0.3,ours_input,False,True
drop_system,none,0.3,pooled,False,True
drop_system,none,0.3,per_tenant,False,True
drop_system,none,0.3,ours,False,True
drop_system,none,0.3,ours_shift_flag,False,True
drop_system,none,0.3,ours_input,False,True
drop_system,none,0.3,pooled,False,True
drop_system,none,0.3,per_tenant,False,True
drop_system,none,0.3,ours,False,True
drop_system,none,0.3,ours_shift_flag,False,True
drop_system,none,0.3,ours_input,False,True
drop_system,none,0.3,pooled,False,True
drop_system,none,0.3,per_tenant,False,True
drop_system,none,0.3,ours,False,True
drop_system,none,0.3,ours_shift_flag,False,True
drop_system,none,0.3,ours_input,False,True
drop_system,none,0.3,pooled,False,True
drop_system,none,0.3,per_tenant,False,True
drop_system,none,0.3,ours,False,True
drop_system,none,0.3,ours_shift_flag,False,True
drop_system,none,0.3,ours_input,False,True
drop_system,none,0.3,pooled,False,True
drop_system,none,0.3,per_tenant,False,True
drop_system,none,0.3,ours,False,True
drop_system,none,0.3,ours_shift_flag,False,True
drop_system,none,0.3,ours_input,False,True
drop_system,none,0.3,pooled,False,True
drop_system,none,0.3,per_tenant,False,True
drop_system,none,0.3,ours,False,True
drop_system,none,0.3,ours_shift_flag,False,True
drop_system,none,0.3,ours_input,False,True
drop_system,none,0.3,pooled,False,True
drop_system,none,0.3,per_tenant,False,True
drop_system,none,0.3,ours,False,True
drop_system,none,0.3,ours_shift_flag,False,True
drop_system,none,0.3,ours_input,False,True
drop_system,none,0.3,pooled,False,True
drop_system,none,0.3,per_tenant,False,True
drop_system,none,0.3,ours,False,True
drop_system,none,0.3,ours_shift_flag,False,True
drop_system,none,0.3,ours_input,False,True
drop_system,none,0.3,pooled,False,True
drop_system,none,0.3,per_tenant,False,True
drop_system,none,0.3,ours,False,True
drop_system,none,0.3,ours_shift_flag,False,True
drop_system,none,0.3,ours_input,False,True
drop_system,none,0.3,pooled,False,True
drop_system,none,0.3,per_tenant,False,True
drop_system,none,0.3,ours,False,True
drop_system,none,0.3,ours_shift_flag,False,True
drop_system,none,0.3,ours_input,False,True
drop_system,none,0.3,pooled,False,True
drop_system,none,0.3,per_tenant,False,True
drop_system,none,0.3,ours,False,True
drop_system,none,0.3,ours_shift_flag,False,True
drop_system,none,0.3,ours_input,False,True
drop_system,none,0.3,pooled,False,True
drop_system,none,0.3,per_tenant,False,True
drop_system,none,0.3,ours,False,True
drop_system,none,0.3,ours_shift_flag,False,True
drop_system,none,0.3,ours_input,False,True
drop_system,none,0.3,pooled,False,True
drop_system,none,0.3,per_tenant,False,True
drop_system,none,0.3,ours,False,True
drop_system,none,0.3,ours_shift_flag,False,True
drop_system,none,0.3,ours_input,False,True
drop_system,none,0.3,pooled,False,True
drop_system,none,0.3,per_tenant,False,True
drop_system,none,0.3,ours,False,True
drop_system,none,0.3,ours_shift_flag,False,True
drop_system,none,0.3,ours_input,False,True
drop_system,none,0.3,pooled,False,True
drop_system,none,0.3,per_tenant,False,True
drop_system,none,0.3,ours,False,True
drop_system,none,0.3,ours_shift_flag,False,True
drop_system,none,0.3,ours_input,False,True
drop_system,none,0.3,pooled,False,True
drop_system,none,0.3,per_tenant,False,True
drop_system,none,0.3,ours,False,True
drop_system,none,0.3,ours_shift_flag,False,True
drop_system,none,0.3,ours_input,False,True
drop_system,none,0.3,pooled,False,True
drop_system,none,0.3,per_tenant,False,True
drop_system,none,0.3,ours,False,True
drop_system,none,0.3,ours_shift_flag,False,True
drop_system,none,0.3,ours_input,False,True
drop_system,none,0.3,pooled,False,True
drop_system,none,0.3,per_tenant,False,True
drop_system,none,0.3,ours,False,True
drop_system,none,0.3,ours_shift_flag,False,True
drop_system,none,0.3,ours_input,False,True
drop_system,provider_fault,0.3,pooled,True,True
drop_system,provider_fault,0.3,per_tenant,True,True
drop_system,provider_fault,0.3,ours,True,True
drop_system,provider_fault,0.3,ours_shift_flag,False,True
drop_system,provider_fault,0.3,ours_input,True,True
drop_system,provider_fault,0.3,pooled,True,True
drop_system,provider_fault,0.3,per_tenant,True,True
drop_system,provider_fault,0.3,ours,True,True
drop_system,provider_fault,0.3,ours_shift_flag,False,True
drop_system,provider_fault,0.3,ours_input,True,True
drop_system,provider_fault,0.3,pooled,True,True
drop_system,provider_fault,0.3,per_tenant,True,True
drop_system,provider_fault,0.3,ours,True,True
drop_system,provider_fault,0.3,ours_shift_flag,False,True
drop_system,provider_fault,0.3,ours_input,True,True
drop_system,provider_fault,0.3,pooled,False,False
drop_system,provider_fault,0.3,per_tenant,True,True
drop_system,provider_fault,0.3,ours,False,False
drop_system,provider_fault,0.3,ours_shift_flag,False,True
drop_system,provider_fault,0.3,ours_input,False,False
drop_system,provider_fault,0.3,pooled,True,True
drop_system,provider_fault,0.3,per_tenant,True,True
drop_system,provider_fault,0.3,ours,True,True
drop_system,provider_fault,0.3,ours_shift_flag,False,True
drop_system,provider_fault,0.3,ours_input,True,True
drop_system,provider_fault,0.3,pooled,True,True
drop_system,provider_fault,0.3,per_tenant,True,True
drop_system,provider_fault,0.3,ours,True,True
drop_system,provider_fault,0.3,ours_shift_flag,False,True
drop_system,provider_fault,0.3,ours_input,True,True
drop_system,provider_fault,0.3,pooled,True,True
drop_system,provider_fault,0.3,per_tenant,True,True
drop_system,provider_fault,0.3,ours,True,True
drop_system,provider_fault,0.3,ours_shift_flag,False,True
drop_system,provider_fault,0.3,ours_input,True,True
drop_system,provider_fault,0.3,pooled,True,True
drop_system,provider_fault,0.3,per_tenant,True,True
drop_system,provider_fault,0.3,ours,True,True
drop_system,provider_fault,0.3,ours_shift_flag,False,True
drop_system,provider_fault,0.3,ours_input,True,True
drop_system,provider_fault,0.3,pooled,True,True
drop_system,provider_fault,0.3,per_tenant,True,True
drop_system,provider_fault,0.3,ours,True,True
drop_system,provider_fault,0.3,ours_shift_flag,False,True
drop_system,provider_fault,0.3,ours_input,True,True
drop_system,provider_fault,0.3,pooled,True,True
drop_system,provider_fault,0.3,per_tenant,True,True
drop_system,provider_fault,0.3,ours,True,True
drop_system,provider_fault,0.3,ours_shift_flag,False,True
drop_system,provider_fault,0.3,ours_input,True,True
drop_system,provider_fault,0.3,pooled,True,True
drop_system,provider_fault,0.3,per_tenant,True,True
drop_system,provider_fault,0.3,ours,True,True
drop_system,provider_fault,0.3,ours_shift_flag,False,True
drop_system,provider_fault,0.3,ours_input,True,True
drop_system,provider_fault,0.3,pooled,True,True
drop_system,provider_fault,0.3,per_tenant,True,True
drop_system,provider_fault,0.3,ours,True,True
drop_system,provider_fault,0.3,ours_shift_flag,False,True
drop_system,provider_fault,0.3,ours_input,True,True
drop_system,provider_fault,0.3,pooled,True,True
drop_system,provider_fault,0.3,per_tenant,True,True
drop_system,provider_fault,0.3,ours,True,True
drop_system,provider_fault,0.3,ours_shift_flag,False,True
drop_system,provider_fault,0.3,ours_input,True,True
drop_system,provider_fault,0.3,pooled,True,True
drop_system,provider_fault,0.3,per_tenant,True,True
drop_system,provider_fault,0.3,ours,True,True
drop_system,provider_fault,0.3,ours_shift_flag,False,True
drop_system,provider_fault,0.3,ours_input,True,True
drop_system,provider_fault,0.3,pooled,True,True
drop_system,provider_fault,0.3,per_tenant,True,True
drop_system,provider_fault,0.3,ours,True,True
drop_system,provider_fault,0.3,ours_shift_flag,False,True
drop_system,provider_fault,0.3,ours_input,True,True
drop_system,provider_fault,0.3,pooled,True,True
drop_system,provider_fault,0.3,per_tenant,True,True
drop_system,provider_fault,0.3,ours,True,True
drop_system,provider_fault,0.3,ours_shift_flag,False,True
drop_system,provider_fault,0.3,ours_input,True,True
drop_system,provider_fault,0.3,pooled,False,False
drop_system,provider_fault,0.3,per_tenant,True,True
drop_system,provider_fault,0.3,ours,False,False
drop_system,provider_fault,0.3,ours_shift_flag,False,True
drop_system,provider_fault,0.3,ours_input,False,False
drop_system,provider_fault,0.3,pooled,True,True
drop_system,provider_fault,0.3,per_tenant,True,True
drop_system,provider_fault,0.3,ours,True,True
drop_system,provider_fault,0.3,ours_shift_flag,False,True
drop_system,provider_fault,0.3,ours_input,True,True
drop_system,provider_fault,0.3,pooled,True,True
drop_system,provider_fault,0.3,per_tenant,True,True
drop_system,provider_fault,0.3,ours,True,True
drop_system,provider_fault,0.3,ours_shift_flag,False,True
drop_system,provider_fault,0.3,ours_input,True,True
drop_system,provider_fault,0.3,pooled,True,True
drop_system,provider_fault,0.3,per_tenant,True,True
drop_system,provider_fault,0.3,ours,True,True
drop_system,provider_fault,0.3,ours_shift_flag,False,True
drop_system,provider_fault,0.3,ours_input,True,True
drop_system,provider_fault,0.3,pooled,True,True
drop_system,provider_fault,0.3,per_tenant,True,True
drop_system,provider_fault,0.3,ours,True,True
drop_system,provider_fault,0.3,ours_shift_flag,False,True
drop_system,provider_fault,0.3,ours_input,True,True
drop_system,provider_fault,0.3,pooled,True,True
drop_system,provider_fault,0.3,per_tenant,True,True
drop_system,provider_fault,0.3,ours,True,True
drop_system,provider_fault,0.3,ours_shift_flag,False,True
drop_system,provider_fault,0.3,ours_input,True,True
drop_system,provider_fault,0.3,pooled,True,True
drop_system,provider_fault,0.3,per_tenant,True,True
drop_system,provider_fault,0.3,ours,True,True
drop_system,provider_fault,0.3,ours_shift_flag,False,True
drop_system,provider_fault,0.3,ours_input,True,True
drop_system,provider_fault,0.3,pooled,True,True
drop_system,provider_fault,0.3,per_tenant,True,True
drop_system,provider_fault,0.3,ours,True,True
drop_system,provider_fault,0.3,ours_shift_flag,False,True
drop_system,provider_fault,0.3,ours_input,True,True
drop_system,provider_fault,0.3,pooled,True,True
drop_system,provider_fault,0.3,per_tenant,True,True
drop_system,provider_fault,0.3,ours,True,True
drop_system,provider_fault,0.3,ours_shift_flag,False,True
drop_system,provider_fault,0.3,ours_input,True,True
drop_system,provider_fault,0.3,pooled,True,True
drop_system,provider_fault,0.3,per_tenant,True,True
drop_system,provider_fault,0.3,ours,True,True
drop_system,provider_fault,0.3,ours_shift_flag,False,True
drop_system,provider_fault,0.3,ours_input,True,True
drop_system,provider_fault,0.3,pooled,True,True
drop_system,provider_fault,0.3,per_tenant,True,True
drop_system,provider_fault,0.3,ours,True,True
drop_system,provider_fault,0.3,ours_shift_flag,False,True
drop_system,provider_fault,0.3,ours_input,True,True
drop_system,provider_fault,0.3,pooled,True,True
drop_system,provider_fault,0.3,per_tenant,True,True
drop_system,provider_fault,0.3,ours,True,True
drop_system,provider_fault,0.3,ours_shift_flag,False,True
drop_system,provider_fault,0.3,ours_input,True,True
drop_system,provider_fault,0.3,pooled,True,True
drop_system,provider_fault,0.3,per_tenant,True,True
drop_system,provider_fault,0.3,ours,True,True
drop_system,provider_fault,0.3,ours_shift_flag,False,True
drop_system,provider_fault,0.3,ours_input,True,True
drop_system,provider_fault,0.3,pooled,True,True
drop_system,provider_fault,0.3,per_tenant,True,True
drop_system,provider_fault,0.3,ours,True,True
drop_system,provider_fault,0.3,ours_shift_flag,False,True
drop_system,provider_fault,0.3,ours_input,True,True
drop_system,provider_fault,0.3,pooled,True,True
drop_system,provider_fault,0.3,per_tenant,True,True
drop_system,provider_fault,0.3,ours,True,True
drop_system,provider_fault,0.3,ours_shift_flag,False,True
drop_system,provider_fault,0.3,ours_input,True,True
drop_system,provider_fault,0.3,pooled,True,True
drop_system,provider_fault,0.3,per_tenant,True,True
drop_system,provider_fault,0.3,ours,True,True
drop_system,provider_fault,0.3,ours_shift_flag,False,True
drop_system,provider_fault,0.3,ours_input,True,True
drop_system,provider_fault,0.3,pooled,True,True
drop_system,provider_fault,0.3,per_tenant,True,True
drop_system,provider_fault,0.3,ours,True,True
drop_system,provider_fault,0.3,ours_shift_flag,False,True
drop_system,provider_fault,0.3,ours_input,True,True
drop_system,provider_fault,0.3,pooled,True,True
drop_system,provider_fault,0.3,per_tenant,True,True
drop_system,provider_fault,0.3,ours,True,True
drop_system,provider_fault,0.3,ours_shift_flag,False,True
drop_system,provider_fault,0.3,ours_input,True,True
drop_system,provider_fault,0.3,pooled,True,True
drop_system,provider_fault,0.3,per_tenant,True,True
drop_system,provider_fault,0.3,ours,True,True
drop_system,provider_fault,0.3,ours_shift_flag,False,True
drop_system,provider_fault,0.3,ours_input,True,True
drop_system,provider_fault,0.3,pooled,True,True
drop_system,provider_fault,0.3,per_tenant,True,True
drop_system,provider_fault,0.3,ours,True,True
drop_system,provider_fault,0.3,ours_shift_flag,False,True
drop_system,provider_fault,0.3,ours_input,True,True
drop_system,provider_fault,0.3,pooled,True,True
drop_system,provider_fault,0.3,per_tenant,True,True
drop_system,provider_fault,0.3,ours,True,True
drop_system,provider_fault,0.3,ours_shift_flag,False,True
drop_system,provider_fault,0.3,ours_input,True,True
drop_system,provider_fault,0.3,pooled,False,False
drop_system,provider_fault,0.3,per_tenant,True,True
drop_system,provider_fault,0.3,ours,False,False
drop_system,provider_fault,0.3,ours_shift_flag,False,True
drop_system,provider_fault,0.3,ours_input,False,False
drop_system,provider_fault,0.3,pooled,True,True
drop_system,provider_fault,0.3,per_tenant,True,True
drop_system,provider_fault,0.3,ours,True,True
drop_system,provider_fault,0.3,ours_shift_flag,False,True
drop_system,provider_fault,0.3,ours_input,True,True
drop_system,provider_fault,0.3,pooled,True,True
drop_system,provider_fault,0.3,per_tenant,True,True
drop_system,provider_fault,0.3,ours,True,True
drop_system,provider_fault,0.3,ours_shift_flag,False,True
drop_system,provider_fault,0.3,ours_input,True,True
drop_system,provider_fault,0.3,pooled,True,True
drop_system,provider_fault,0.3,per_tenant,True,True
drop_system,provider_fault,0.3,ours,True,True
drop_system,provider_fault,0.3,ours_shift_flag,False,True
drop_system,provider_fault,0.3,ours_input,True,True
drop_system,provider_fault,0.3,pooled,True,True
drop_system,provider_fault,0.3,per_tenant,True,True
drop_system,provider_fault,0.3,ours,True,True
drop_system,provider_fault,0.3,ours_shift_flag,False,True
drop_system,provider_fault,0.3,ours_input,True,True
drop_system,provider_fault,0.3,pooled,True,True
drop_system,provider_fault,0.3,per_tenant,True,True
drop_system,provider_fault,0.3,ours,True,True
drop_system,provider_fault,0.3,ours_shift_flag,False,True
drop_system,provider_fault,0.3,ours_input,True,True
drop_system,provider_fault,0.3,pooled,True,True
drop_system,provider_fault,0.3,per_tenant,True,True
drop_system,provider_fault,0.3,ours,True,True
drop_system,provider_fault,0.3,ours_shift_flag,False,True
drop_system,provider_fault,0.3,ours_input,True,True
drop_system,provider_fault,0.3,pooled,True,True
drop_system,provider_fault,0.3,per_tenant,True,True
drop_system,provider_fault,0.3,ours,True,True
drop_system,provider_fault,0.3,ours_shift_flag,False,True
drop_system,provider_fault,0.3,ours_input,True,True
drop_system,provider_fault,0.3,pooled,True,True
drop_system,provider_fault,0.3,per_tenant,True,True
drop_system,provider_fault,0.3,ours,True,True
drop_system,provider_fault,0.3,ours_shift_flag,False,True
drop_system,provider_fault,0.3,ours_input,True,True
drop_system,provider_fault,0.3,pooled,True,True
drop_system,provider_fault,0.3,per_tenant,True,True
drop_system,provider_fault,0.3,ours,True,True
drop_system,provider_fault,0.3,ours_shift_flag,False,True
drop_system,provider_fault,0.3,ours_input,True,True
drop_system,provider_fault,0.3,pooled,True,True
drop_system,provider_fault,0.3,per_tenant,True,True
drop_system,provider_fault,0.3,ours,True,True
drop_system,provider_fault,0.3,ours_shift_flag,False,True
drop_system,provider_fault,0.3,ours_input,True,True
drop_system,provider_fault,0.3,pooled,True,True
drop_system,provider_fault,0.3,per_tenant,True,True
drop_system,provider_fault,0.3,ours,True,True
drop_system,provider_fault,0.3,ours_shift_flag,False,True
drop_system,provider_fault,0.3,ours_input,True,True
drop_system,provider_fault,0.3,pooled,True,True
drop_system,provider_fault,0.3,per_tenant,True,True
drop_system,provider_fault,0.3,ours,True,True
drop_system,provider_fault,0.3,ours_shift_flag,False,True
drop_system,provider_fault,0.3,ours_input,True,True
drop_system,provider_fault,0.3,pooled,True,True
drop_system,provider_fault,0.3,per_tenant,True,True
drop_system,provider_fault,0.3,ours,True,True
drop_system,provider_fault,0.3,ours_shift_flag,False,True
drop_system,provider_fault,0.3,ours_input,True,True
drop_system,provider_fault,0.3,pooled,False,False
drop_system,provider_fault,0.3,per_tenant,True,True
drop_system,provider_fault,0.3,ours,False,False
drop_system,provider_fault,0.3,ours_shift_flag,False,True
drop_system,provider_fault,0.3,ours_input,False,False
drop_system,provider_fault,0.3,pooled,True,True
drop_system,provider_fault,0.3,per_tenant,True,True
drop_system,provider_fault,0.3,ours,True,True
drop_system,provider_fault,0.3,ours_shift_flag,False,True
drop_system,provider_fault,0.3,ours_input,True,True
drop_system,provider_fault,0.3,pooled,True,True
drop_system,provider_fault,0.3,per_tenant,True,True
drop_system,provider_fault,0.3,ours,True,True
drop_system,provider_fault,0.3,ours_shift_flag,False,True
drop_system,provider_fault,0.3,ours_input,True,True
drop_system,provider_fault,0.3,pooled,True,True
drop_system,provider_fault,0.3,per_tenant,True,True
drop_system,provider_fault,0.3,ours,True,True
drop_system,provider_fault,0.3,ours_shift_flag,False,True
drop_system,provider_fault,0.3,ours_input,True,True
drop_system,provider_fault,0.3,pooled,True,True
drop_system,provider_fault,0.3,per_tenant,True,True
drop_system,provider_fault,0.3,ours,True,True
drop_system,provider_fault,0.3,ours_shift_flag,False,True
drop_system,provider_fault,0.3,ours_input,True,True
drop_system,provider_fault,0.3,pooled,False,False
drop_system,provider_fault,0.3,per_tenant,True,True
drop_system,provider_fault,0.3,ours,False,False
drop_system,provider_fault,0.3,ours_shift_flag,False,True
drop_system,provider_fault,0.3,ours_input,False,False
drop_system,provider_fault,0.3,pooled,False,False
drop_system,provider_fault,0.3,per_tenant,True,True
drop_system,provider_fault,0.3,ours,False,False
drop_system,provider_fault,0.3,ours_shift_flag,False,True
drop_system,provider_fault,0.3,ours_input,False,False
drop_system,provider_fault,0.3,pooled,True,True
drop_system,provider_fault,0.3,per_tenant,True,True
drop_system,provider_fault,0.3,ours,True,True
drop_system,provider_fault,0.3,ours_shift_flag,False,True
drop_system,provider_fault,0.3,ours_input,True,True
drop_system,provider_fault,0.3,pooled,False,False
drop_system,provider_fault,0.3,per_tenant,True,True
drop_system,provider_fault,0.3,ours,False,False
drop_system,provider_fault,0.3,ours_shift_flag,False,True
drop_system,provider_fault,0.3,ours_input,False,False
drop_system,traffic_shift,0.3,pooled,True,False
drop_system,traffic_shift,0.3,per_tenant,True,False
drop_system,traffic_shift,0.3,ours,True,False
drop_system,traffic_shift,0.3,ours_shift_flag,True,True
drop_system,traffic_shift,0.3,ours_input,False,True
drop_system,traffic_shift,0.3,pooled,True,False
drop_system,traffic_shift,0.3,per_tenant,True,False
drop_system,traffic_shift,0.3,ours,True,False
drop_system,traffic_shift,0.3,ours_shift_flag,True,True
drop_system,traffic_shift,0.3,ours_input,False,True
drop_system,traffic_shift,0.3,pooled,True,False
drop_system,traffic_shift,0.3,per_tenant,True,False
drop_system,traffic_shift,0.3,ours,True,False
drop_system,traffic_shift,0.3,ours_shift_flag,True,True
drop_system,traffic_shift,0.3,ours_input,False,True
drop_system,traffic_shift,0.3,pooled,True,False
drop_system,traffic_shift,0.3,per_tenant,True,False
drop_system,traffic_shift,0.3,ours,True,False
drop_system,traffic_shift,0.3,ours_shift_flag,True,True
drop_system,traffic_shift,0.3,ours_input,False,True
drop_system,traffic_shift,0.3,pooled,True,False
drop_system,traffic_shift,0.3,per_tenant,True,False
drop_system,traffic_shift,0.3,ours,True,False
drop_system,traffic_shift,0.3,ours_shift_flag,True,True
drop_system,traffic_shift,0.3,ours_input,False,True
drop_system,traffic_shift,0.3,pooled,True,False
drop_system,traffic_shift,0.3,per_tenant,True,False
drop_system,traffic_shift,0.3,ours,True,False
drop_system,traffic_shift,0.3,ours_shift_flag,True,True
drop_system,traffic_shift,0.3,ours_input,False,True
drop_system,traffic_shift,0.3,pooled,True,False
drop_system,traffic_shift,0.3,per_tenant,True,False
drop_system,traffic_shift,0.3,ours,True,False
drop_system,traffic_shift,0.3,ours_shift_flag,True,True
drop_system,traffic_shift,0.3,ours_input,False,True
drop_system,traffic_shift,0.3,pooled,True,False
drop_system,traffic_shift,0.3,per_tenant,True,False
drop_system,traffic_shift,0.3,ours,True,False
drop_system,traffic_shift,0.3,ours_shift_flag,True,True
drop_system,traffic_shift,0.3,ours_input,False,True
drop_system,traffic_shift,0.3,pooled,True,False
drop_system,traffic_shift,0.3,per_tenant,True,False
drop_system,traffic_shift,0.3,ours,True,False
drop_system,traffic_shift,0.3,ours_shift_flag,True,True
drop_system,traffic_shift,0.3,ours_input,False,True
drop_system,traffic_shift,0.3,pooled,True,False
drop_system,traffic_shift,0.3,per_tenant,True,False
drop_system,traffic_shift,0.3,ours,True,False
drop_system,traffic_shift,0.3,ours_shift_flag,True,True
drop_system,traffic_shift,0.3,ours_input,False,True
drop_system,traffic_shift,0.3,pooled,True,False
drop_system,traffic_shift,0.3,per_tenant,True,False
drop_system,traffic_shift,0.3,ours,True,False
drop_system,traffic_shift,0.3,ours_shift_flag,True,True
drop_system,traffic_shift,0.3,ours_input,False,True
drop_system,traffic_shift,0.3,pooled,True,False
drop_system,traffic_shift,0.3,per_tenant,True,False
drop_system,traffic_shift,0.3,ours,True,False
drop_system,traffic_shift,0.3,ours_shift_flag,True,True
drop_system,traffic_shift,0.3,ours_input,False,True
drop_system,traffic_shift,0.3,pooled,True,False
drop_system,traffic_shift,0.3,per_tenant,True,False
drop_system,traffic_shift,0.3,ours,True,False
drop_system,traffic_shift,0.3,ours_shift_flag,True,True
drop_system,traffic_shift,0.3,ours_input,False,True
drop_system,traffic_shift,0.3,pooled,True,False
drop_system,traffic_shift,0.3,per_tenant,True,False
drop_system,traffic_shift,0.3,ours,True,False
drop_system,traffic_shift,0.3,ours_shift_flag,True,True
drop_system,traffic_shift,0.3,ours_input,False,True
drop_system,traffic_shift,0.3,pooled,True,False
drop_system,traffic_shift,0.3,per_tenant,True,False
drop_system,traffic_shift,0.3,ours,True,False
drop_system,traffic_shift,0.3,ours_shift_flag,True,True
drop_system,traffic_shift,0.3,ours_input,False,True
drop_system,traffic_shift,0.3,pooled,True,False
drop_system,traffic_shift,0.3,per_tenant,True,False
drop_system,traffic_shift,0.3,ours,True,False
drop_system,traffic_shift,0.3,ours_shift_flag,True,True
drop_system,traffic_shift,0.3,ours_input,False,True
drop_system,traffic_shift,0.3,pooled,True,False
drop_system,traffic_shift,0.3,per_tenant,True,False
drop_system,traffic_shift,0.3,ours,True,False
drop_system,traffic_shift,0.3,ours_shift_flag,True,True
drop_system,traffic_shift,0.3,ours_input,False,True
drop_system,traffic_shift,0.3,pooled,True,False
drop_system,traffic_shift,0.3,per_tenant,True,False
drop_system,traffic_shift,0.3,ours,True,False
drop_system,traffic_shift,0.3,ours_shift_flag,True,True
drop_system,traffic_shift,0.3,ours_input,False,True
drop_system,traffic_shift,0.3,pooled,True,False
drop_system,traffic_shift,0.3,per_tenant,True,False
drop_system,traffic_shift,0.3,ours,True,False
drop_system,traffic_shift,0.3,ours_shift_flag,True,True
drop_system,traffic_shift,0.3,ours_input,False,True
drop_system,traffic_shift,0.3,pooled,True,False
drop_system,traffic_shift,0.3,per_tenant,True,False
drop_system,traffic_shift,0.3,ours,True,False
drop_system,traffic_shift,0.3,ours_shift_flag,True,True
drop_system,traffic_shift,0.3,ours_input,False,True
drop_system,traffic_shift,0.3,pooled,True,False
drop_system,traffic_shift,0.3,per_tenant,True,False
drop_system,traffic_shift,0.3,ours,True,False
drop_system,traffic_shift,0.3,ours_shift_flag,True,True
drop_system,traffic_shift,0.3,ours_input,False,True
drop_system,traffic_shift,0.3,pooled,True,False
drop_system,traffic_shift,0.3,per_tenant,True,False
drop_system,traffic_shift,0.3,ours,True,False
drop_system,traffic_shift,0.3,ours_shift_flag,True,True
drop_system,traffic_shift,0.3,ours_input,False,True
drop_system,traffic_shift,0.3,pooled,True,False
drop_system,traffic_shift,0.3,per_tenant,True,False
drop_system,traffic_shift,0.3,ours,True,False
drop_system,traffic_shift,0.3,ours_shift_flag,True,True
drop_system,traffic_shift,0.3,ours_input,False,True
drop_system,traffic_shift,0.3,pooled,True,False
drop_system,traffic_shift,0.3,per_tenant,True,False
drop_system,traffic_shift,0.3,ours,True,False
drop_system,traffic_shift,0.3,ours_shift_flag,True,True
drop_system,traffic_shift,0.3,ours_input,False,True
drop_system,traffic_shift,0.3,pooled,True,False
drop_system,traffic_shift,0.3,per_tenant,True,False
drop_system,traffic_shift,0.3,ours,True,False
drop_system,traffic_shift,0.3,ours_shift_flag,True,True
drop_system,traffic_shift,0.3,ours_input,False,True
drop_system,traffic_shift,0.3,pooled,True,False
drop_system,traffic_shift,0.3,per_tenant,True,False
drop_system,traffic_shift,0.3,ours,True,False
drop_system,traffic_shift,0.3,ours_shift_flag,True,True
drop_system,traffic_shift,0.3,ours_input,False,True
drop_system,traffic_shift,0.3,pooled,True,False
drop_system,traffic_shift,0.3,per_tenant,True,False
drop_system,traffic_shift,0.3,ours,True,False
drop_system,traffic_shift,0.3,ours_shift_flag,True,True
drop_system,traffic_shift,0.3,ours_input,False,True
drop_system,traffic_shift,0.3,pooled,True,False
drop_system,traffic_shift,0.3,per_tenant,True,False
drop_system,traffic_shift,0.3,ours,True,False
drop_system,traffic_shift,0.3,ours_shift_flag,True,True
drop_system,traffic_shift,0.3,ours_input,False,True
drop_system,traffic_shift,0.3,pooled,True,False
drop_system,traffic_shift,0.3,per_tenant,True,False
drop_system,traffic_shift,0.3,ours,True,False
drop_system,traffic_shift,0.3,ours_shift_flag,True,True
drop_system,traffic_shift,0.3,ours_input,False,True
drop_system,traffic_shift,0.3,pooled,True,False
drop_system,traffic_shift,0.3,per_tenant,True,False
drop_system,traffic_shift,0.3,ours,True,False
drop_system,traffic_shift,0.3,ours_shift_flag,True,True
drop_system,traffic_shift,0.3,ours_input,False,True
drop_system,traffic_shift,0.3,pooled,True,False
drop_system,traffic_shift,0.3,per_tenant,True,False
drop_system,traffic_shift,0.3,ours,True,False
drop_system,traffic_shift,0.3,ours_shift_flag,True,True
drop_system,traffic_shift,0.3,ours_input,False,True
drop_system,traffic_shift,0.3,pooled,True,False
drop_system,traffic_shift,0.3,per_tenant,True,False
drop_system,traffic_shift,0.3,ours,True,False
drop_system,traffic_shift,0.3,ours_shift_flag,True,True
drop_system,traffic_shift,0.3,ours_input,False,True
drop_system,traffic_shift,0.3,pooled,True,False
drop_system,traffic_shift,0.3,per_tenant,True,False
drop_system,traffic_shift,0.3,ours,True,False
drop_system,traffic_shift,0.3,ours_shift_flag,True,True
drop_system,traffic_shift,0.3,ours_input,False,True
drop_system,traffic_shift,0.3,pooled,True,False
drop_system,traffic_shift,0.3,per_tenant,True,False
drop_system,traffic_shift,0.3,ours,True,False
drop_system,traffic_shift,0.3,ours_shift_flag,True,True
drop_system,traffic_shift,0.3,ours_input,False,True
drop_system,traffic_shift,0.3,pooled,True,False
drop_system,traffic_shift,0.3,per_tenant,True,False
drop_system,traffic_shift,0.3,ours,True,False
drop_system,traffic_shift,0.3,ours_shift_flag,True,True
drop_system,traffic_shift,0.3,ours_input,False,True
drop_system,traffic_shift,0.3,pooled,True,False
drop_system,traffic_shift,0.3,per_tenant,True,False
drop_system,traffic_shift,0.3,ours,True,False
drop_system,traffic_shift,0.3,ours_shift_flag,True,True
drop_system,traffic_shift,0.3,ours_input,False,True
drop_system,traffic_shift,0.3,pooled,True,False
drop_system,traffic_shift,0.3,per_tenant,True,False
drop_system,traffic_shift,0.3,ours,True,False
drop_system,traffic_shift,0.3,ours_shift_flag,True,True
drop_system,traffic_shift,0.3,ours_input,False,True
drop_system,traffic_shift,0.3,pooled,True,False
drop_system,traffic_shift,0.3,per_tenant,True,False
drop_system,traffic_shift,0.3,ours,True,False
drop_system,traffic_shift,0.3,ours_shift_flag,True,True
drop_system,traffic_shift,0.3,ours_input,False,True
drop_system,traffic_shift,0.3,pooled,True,False
drop_system,traffic_shift,0.3,per_tenant,True,False
drop_system,traffic_shift,0.3,ours,True,False
drop_system,traffic_shift,0.3,ours_shift_flag,True,True
drop_system,traffic_shift,0.3,ours_input,False,True
drop_system,traffic_shift,0.3,pooled,True,False
drop_system,traffic_shift,0.3,per_tenant,True,False
drop_system,traffic_shift,0.3,ours,True,False
drop_system,traffic_shift,0.3,ours_shift_flag,True,True
drop_system,traffic_shift,0.3,ours_input,True,False
drop_system,traffic_shift,0.3,pooled,True,False
drop_system,traffic_shift,0.3,per_tenant,True,False
drop_system,traffic_shift,0.3,ours,True,False
drop_system,traffic_shift,0.3,ours_shift_flag,True,True
drop_system,traffic_shift,0.3,ours_input,False,True
drop_system,traffic_shift,0.3,pooled,True,False
drop_system,traffic_shift,0.3,per_tenant,True,False
drop_system,traffic_shift,0.3,ours,True,False
drop_system,traffic_shift,0.3,ours_shift_flag,True,True
drop_system,traffic_shift,0.3,ours_input,False,True
drop_system,traffic_shift,0.3,pooled,True,False
drop_system,traffic_shift,0.3,per_tenant,True,False
drop_system,traffic_shift,0.3,ours,True,False
drop_system,traffic_shift,0.3,ours_shift_flag,True,True
drop_system,traffic_shift,0.3,ours_input,False,True
drop_system,traffic_shift,0.3,pooled,True,False
drop_system,traffic_shift,0.3,per_tenant,True,False
drop_system,traffic_shift,0.3,ours,True,False
drop_system,traffic_shift,0.3,ours_shift_flag,True,True
drop_system,traffic_shift,0.3,ours_input,False,True
drop_system,traffic_shift,0.3,pooled,True,False
drop_system,traffic_shift,0.3,per_tenant,True,False
drop_system,traffic_shift,0.3,ours,True,False
drop_system,traffic_shift,0.3,ours_shift_flag,True,True
drop_system,traffic_shift,0.3,ours_input,False,True
drop_system,traffic_shift,0.3,pooled,True,False
drop_system,traffic_shift,0.3,per_tenant,True,False
drop_system,traffic_shift,0.3,ours,True,False
drop_system,traffic_shift,0.3,ours_shift_flag,True,True
drop_system,traffic_shift,0.3,ours_input,False,True
drop_system,traffic_shift,0.3,pooled,True,False
drop_system,traffic_shift,0.3,per_tenant,True,False
drop_system,traffic_shift,0.3,ours,True,False
drop_system,traffic_shift,0.3,ours_shift_flag,True,True
drop_system,traffic_shift,0.3,ours_input,False,True
drop_system,traffic_shift,0.3,pooled,True,False
drop_system,traffic_shift,0.3,per_tenant,True,False
drop_system,traffic_shift,0.3,ours,True,False
drop_system,traffic_shift,0.3,ours_shift_flag,True,True
drop_system,traffic_shift,0.3,ours_input,False,True
drop_system,traffic_shift,0.3,pooled,True,False
drop_system,traffic_shift,0.3,per_tenant,True,False
drop_system,traffic_shift,0.3,ours,True,False
drop_system,traffic_shift,0.3,ours_shift_flag,True,True
drop_system,traffic_shift,0.3,ours_input,False,True
drop_system,traffic_shift,0.3,pooled,True,False
drop_system,traffic_shift,0.3,per_tenant,True,False
drop_system,traffic_shift,0.3,ours,True,False
drop_system,traffic_shift,0.3,ours_shift_flag,True,True
drop_system,traffic_shift,0.3,ours_input,False,True
drop_system,traffic_shift,0.3,pooled,True,False
drop_system,traffic_shift,0.3,per_tenant,True,False
drop_system,traffic_shift,0.3,ours,True,False
drop_system,traffic_shift,0.3,ours_shift_flag,True,True
drop_system,traffic_shift,0.3,ours_input,False,True
drop_system,traffic_shift,0.3,pooled,True,False
drop_system,traffic_shift,0.3,per_tenant,True,False
drop_system,traffic_shift,0.3,ours,True,False
drop_system,traffic_shift,0.3,ours_shift_flag,True,True
drop_system,traffic_shift,0.3,ours_input,False,True
drop_system,traffic_shift,0.3,pooled,True,False
drop_system,traffic_shift,0.3,per_tenant,True,False
drop_system,traffic_shift,0.3,ours,True,False
drop_system,traffic_shift,0.3,ours_shift_flag,True,True
drop_system,traffic_shift,0.3,ours_input,False,True
drop_system,traffic_shift,0.3,pooled,True,False
drop_system,traffic_shift,0.3,per_tenant,True,False
drop_system,traffic_shift,0.3,ours,True,False
drop_system,traffic_shift,0.3,ours_shift_flag,True,True
drop_system,traffic_shift,0.3,ours_input,False,True
drop_system,traffic_shift,0.3,pooled,True,False
drop_system,traffic_shift,0.3,per_tenant,True,False
drop_system,traffic_shift,0.3,ours,True,False
drop_system,traffic_shift,0.3,ours_shift_flag,True,True
drop_system,traffic_shift,0.3,ours_input,False,True
drop_system,traffic_shift,0.3,pooled,True,False
drop_system,traffic_shift,0.3,per_tenant,True,False
drop_system,traffic_shift,0.3,ours,True,False
drop_system,traffic_shift,0.3,ours_shift_flag,True,True
drop_system,traffic_shift,0.3,ours_input,False,True
drop_system,traffic_shift,0.3,pooled,True,False
drop_system,traffic_shift,0.3,per_tenant,True,False
drop_system,traffic_shift,0.3,ours,True,False
drop_system,traffic_shift,0.3,ours_shift_flag,True,True
drop_system,traffic_shift,0.3,ours_input,False,True
drop_system,traffic_shift,0.3,pooled,True,False
drop_system,traffic_shift,0.3,per_tenant,True,False
drop_system,traffic_shift,0.3,ours,True,False
drop_system,traffic_shift,0.3,ours_shift_flag,True,True
drop_system,traffic_shift,0.3,ours_input,False,True
drop_system,traffic_shift,0.3,pooled,True,False
drop_system,traffic_shift,0.3,per_tenant,True,False
drop_system,traffic_shift,0.3,ours,True,False
drop_system,traffic_shift,0.3,ours_shift_flag,True,True
drop_system,traffic_shift,0.3,ours_input,False,True
drop_system,traffic_shift,0.3,pooled,True,False
drop_system,traffic_shift,0.3,per_tenant,True,False
drop_system,traffic_shift,0.3,ours,True,False
drop_system,traffic_shift,0.3,ours_shift_flag,True,True
drop_system,traffic_shift,0.3,ours_input,False,True
drop_system,both,0.3,pooled,True,True
drop_system,both,0.3,per_tenant,True,True
drop_system,both,0.3,ours,True,True
drop_system,both,0.3,ours_shift_flag,True,True
drop_system,both,0.3,ours_input,True,True
drop_system,both,0.3,pooled,True,True
drop_system,both,0.3,per_tenant,True,True
drop_system,both,0.3,ours,True,True
drop_system,both,0.3,ours_shift_flag,True,True
drop_system,both,0.3,ours_input,True,True
drop_system,both,0.3,pooled,True,True
drop_system,both,0.3,per_tenant,True,True
drop_system,both,0.3,ours,True,True
drop_system,both,0.3,ours_shift_flag,True,True
drop_system,both,0.3,ours_input,True,True
drop_system,both,0.3,pooled,True,True
drop_system,both,0.3,per_tenant,True,True
drop_system,both,0.3,ours,True,True
drop_system,both,0.3,ours_shift_flag,True,True
drop_system,both,0.3,ours_input,True,True
drop_system,both,0.3,pooled,True,True
drop_system,both,0.3,per_tenant,True,True
drop_system,both,0.3,ours,True,True
drop_system,both,0.3,ours_shift_flag,True,True
drop_system,both,0.3,ours_input,True,True
drop_system,both,0.3,pooled,True,True
drop_system,both,0.3,per_tenant,True,True
drop_system,both,0.3,ours,True,True
drop_system,both,0.3,ours_shift_flag,True,True
drop_system,both,0.3,ours_input,False,False
drop_system,both,0.3,pooled,True,True
drop_system,both,0.3,per_tenant,True,True
drop_system,both,0.3,ours,True,True
drop_system,both,0.3,ours_shift_flag,True,True
drop_system,both,0.3,ours_input,True,True
drop_system,both,0.3,pooled,True,True
drop_system,both,0.3,per_tenant,True,True
drop_system,both,0.3,ours,True,True
drop_system,both,0.3,ours_shift_flag,True,True
drop_system,both,0.3,ours_input,True,True
drop_system,both,0.3,pooled,True,True
drop_system,both,0.3,per_tenant,True,True
drop_system,both,0.3,ours,True,True
drop_system,both,0.3,ours_shift_flag,True,True
drop_system,both,0.3,ours_input,True,True
drop_system,both,0.3,pooled,True,True
drop_system,both,0.3,per_tenant,True,True
drop_system,both,0.3,ours,True,True
drop_system,both,0.3,ours_shift_flag,True,True
drop_system,both,0.3,ours_input,True,True
drop_system,both,0.3,pooled,True,True
drop_system,both,0.3,per_tenant,True,True
drop_system,both,0.3,ours,True,True
drop_system,both,0.3,ours_shift_flag,True,True
drop_system,both,0.3,ours_input,True,True
drop_system,both,0.3,pooled,True,True
drop_system,both,0.3,per_tenant,True,True
drop_system,both,0.3,ours,True,True
drop_system,both,0.3,ours_shift_flag,True,True
drop_system,both,0.3,ours_input,True,True
drop_system,both,0.3,pooled,True,True
drop_system,both,0.3,per_tenant,True,True
drop_system,both,0.3,ours,True,True
drop_system,both,0.3,ours_shift_flag,True,True
drop_system,both,0.3,ours_input,True,True
drop_system,both,0.3,pooled,True,True
drop_system,both,0.3,per_tenant,True,True
drop_system,both,0.3,ours,True,True
drop_system,both,0.3,ours_shift_flag,True,True
drop_system,both,0.3,ours_input,True,True
drop_system,both,0.3,pooled,True,True
drop_system,both,0.3,per_tenant,True,True
drop_system,both,0.3,ours,True,True
drop_system,both,0.3,ours_shift_flag,True,True
drop_system,both,0.3,ours_input,True,True
drop_system,both,0.3,pooled,True,True
drop_system,both,0.3,per_tenant,True,True
drop_system,both,0.3,ours,True,True
drop_system,both,0.3,ours_shift_flag,True,True
drop_system,both,0.3,ours_input,True,True
drop_system,both,0.3,pooled,True,True
drop_system,both,0.3,per_tenant,True,True
drop_system,both,0.3,ours,True,True
drop_system,both,0.3,ours_shift_flag,True,True
drop_system,both,0.3,ours_input,True,True
drop_system,both,0.3,pooled,True,True
drop_system,both,0.3,per_tenant,True,True
drop_system,both,0.3,ours,True,True
drop_system,both,0.3,ours_shift_flag,True,True
drop_system,both,0.3,ours_input,True,True
drop_system,both,0.3,pooled,True,True
drop_system,both,0.3,per_tenant,True,True
drop_system,both,0.3,ours,True,True
drop_system,both,0.3,ours_shift_flag,True,True
drop_system,both,0.3,ours_input,True,True
drop_system,both,0.3,pooled,True,True
drop_system,both,0.3,per_tenant,True,True
drop_system,both,0.3,ours,True,True
drop_system,both,0.3,ours_shift_flag,True,True
drop_system,both,0.3,ours_input,True,True
drop_system,both,0.3,pooled,True,True
drop_system,both,0.3,per_tenant,True,True
drop_system,both,0.3,ours,True,True
drop_system,both,0.3,ours_shift_flag,True,True
drop_system,both,0.3,ours_input,True,True
drop_system,both,0.3,pooled,True,True
drop_system,both,0.3,per_tenant,True,True
drop_system,both,0.3,ours,True,True
drop_system,both,0.3,ours_shift_flag,True,True
drop_system,both,0.3,ours_input,True,True
drop_system,both,0.3,pooled,True,True
drop_system,both,0.3,per_tenant,True,True
drop_system,both,0.3,ours,True,True
drop_system,both,0.3,ours_shift_flag,True,True
drop_system,both,0.3,ours_input,True,True
drop_system,both,0.3,pooled,True,True
drop_system,both,0.3,per_tenant,True,True
drop_system,both,0.3,ours,True,True
drop_system,both,0.3,ours_shift_flag,True,True
drop_system,both,0.3,ours_input,True,True
drop_system,both,0.3,pooled,True,True
drop_system,both,0.3,per_tenant,True,True
drop_system,both,0.3,ours,True,True
drop_system,both,0.3,ours_shift_flag,True,True
drop_system,both,0.3,ours_input,True,True
drop_system,both,0.3,pooled,True,True
drop_system,both,0.3,per_tenant,True,True
drop_system,both,0.3,ours,True,True
drop_system,both,0.3,ours_shift_flag,True,True
drop_system,both,0.3,ours_input,False,False
drop_system,both,0.3,pooled,True,True
drop_system,both,0.3,per_tenant,True,True
drop_system,both,0.3,ours,True,True
drop_system,both,0.3,ours_shift_flag,True,True
drop_system,both,0.3,ours_input,True,True
drop_system,both,0.3,pooled,True,True
drop_system,both,0.3,per_tenant,True,True
drop_system,both,0.3,ours,True,True
drop_system,both,0.3,ours_shift_flag,True,True
drop_system,both,0.3,ours_input,True,True
drop_system,both,0.3,pooled,True,True
drop_system,both,0.3,per_tenant,True,True
drop_system,both,0.3,ours,True,True
drop_system,both,0.3,ours_shift_flag,True,True
drop_system,both,0.3,ours_input,True,True
drop_system,both,0.3,pooled,True,True
drop_system,both,0.3,per_tenant,True,True
drop_system,both,0.3,ours,True,True
drop_system,both,0.3,ours_shift_flag,True,True
drop_system,both,0.3,ours_input,True,True
drop_system,both,0.3,pooled,True,True
drop_system,both,0.3,per_tenant,True,True
drop_system,both,0.3,ours,True,True
drop_system,both,0.3,ours_shift_flag,True,True
drop_system,both,0.3,ours_input,True,True
drop_system,both,0.3,pooled,True,True
drop_system,both,0.3,per_tenant,True,True
drop_system,both,0.3,ours,True,True
drop_system,both,0.3,ours_shift_flag,True,True
drop_system,both,0.3,ours_input,True,True
drop_system,both,0.3,pooled,True,True
drop_system,both,0.3,per_tenant,True,True
drop_system,both,0.3,ours,True,True
drop_system,both,0.3,ours_shift_flag,True,True
drop_system,both,0.3,ours_input,True,True
drop_system,both,0.3,pooled,True,True
drop_system,both,0.3,per_tenant,True,True
drop_system,both,0.3,ours,True,True
drop_system,both,0.3,ours_shift_flag,True,True
drop_system,both,0.3,ours_input,True,True
drop_system,both,0.3,pooled,True,True
drop_system,both,0.3,per_tenant,True,True
drop_system,both,0.3,ours,True,True
drop_system,both,0.3,ours_shift_flag,True,True
drop_system,both,0.3,ours_input,True,True
drop_system,both,0.3,pooled,True,True
drop_system,both,0.3,per_tenant,True,True
drop_system,both,0.3,ours,True,True
drop_system,both,0.3,ours_shift_flag,True,True
drop_system,both,0.3,ours_input,True,True
drop_system,both,0.3,pooled,True,True
drop_system,both,0.3,per_tenant,True,True
drop_system,both,0.3,ours,True,True
drop_system,both,0.3,ours_shift_flag,True,True
drop_system,both,0.3,ours_input,True,True
drop_system,both,0.3,pooled,True,True
drop_system,both,0.3,per_tenant,True,True
drop_system,both,0.3,ours,True,True
drop_system,both,0.3,ours_shift_flag,True,True
drop_system,both,0.3,ours_input,True,True
drop_system,both,0.3,pooled,True,True
drop_system,both,0.3,per_tenant,True,True
drop_system,both,0.3,ours,True,True
drop_system,both,0.3,ours_shift_flag,True,True
drop_system,both,0.3,ours_input,True,True
drop_system,both,0.3,pooled,True,True
drop_system,both,0.3,per_tenant,True,True
drop_system,both,0.3,ours,True,True
drop_system,both,0.3,ours_shift_flag,True,True
drop_system,both,0.3,ours_input,True,True
drop_system,both,0.3,pooled,True,True
drop_system,both,0.3,per_tenant,True,True
drop_system,both,0.3,ours,True,True
drop_system,both,0.3,ours_shift_flag,True,True
drop_system,both,0.3,ours_input,True,True
drop_system,both,0.3,pooled,True,True
drop_system,both,0.3,per_tenant,True,True
drop_system,both,0.3,ours,True,True
drop_system,both,0.3,ours_shift_flag,True,True
drop_system,both,0.3,ours_input,True,True
drop_system,both,0.3,pooled,True,True
drop_system,both,0.3,per_tenant,True,True
drop_system,both,0.3,ours,True,True
drop_system,both,0.3,ours_shift_flag,True,True
drop_system,both,0.3,ours_input,True,True
drop_system,both,0.3,pooled,True,True
drop_system,both,0.3,per_tenant,True,True
drop_system,both,0.3,ours,True,True
drop_system,both,0.3,ours_shift_flag,True,True
drop_system,both,0.3,ours_input,True,True
drop_system,both,0.3,pooled,True,True
drop_system,both,0.3,per_tenant,True,True
drop_system,both,0.3,ours,True,True
drop_system,both,0.3,ours_shift_flag,True,True
drop_system,both,0.3,ours_input,True,True
drop_system,both,0.3,pooled,True,True
drop_system,both,0.3,per_tenant,True,True
drop_system,both,0.3,ours,True,True
drop_system,both,0.3,ours_shift_flag,True,True
drop_system,both,0.3,ours_input,True,True
drop_system,both,0.3,pooled,True,True
drop_system,both,0.3,per_tenant,True,True
drop_system,both,0.3,ours,True,True
drop_system,both,0.3,ours_shift_flag,True,True
drop_system,both,0.3,ours_input,True,True
drop_system,both,0.3,pooled,True,True
drop_system,both,0.3,per_tenant,True,True
drop_system,both,0.3,ours,True,True
drop_system,both,0.3,ours_shift_flag,True,True
drop_system,both,0.3,ours_input,True,True
drop_system,both,0.3,pooled,True,True
drop_system,both,0.3,per_tenant,True,True
drop_system,both,0.3,ours,True,True
drop_system,both,0.3,ours_shift_flag,True,True
drop_system,both,0.3,ours_input,True,True
drop_system,both,0.3,pooled,True,True
drop_system,both,0.3,per_tenant,True,True
drop_system,both,0.3,ours,True,True
drop_system,both,0.3,ours_shift_flag,True,True
drop_system,both,0.3,ours_input,True,True
drop_system,both,0.3,pooled,True,True
drop_system,both,0.3,per_tenant,True,True
drop_system,both,0.3,ours,True,True
drop_system,both,0.3,ours_shift_flag,True,True
drop_system,both,0.3,ours_input,True,True
drop_system,both,0.3,pooled,True,True
drop_system,both,0.3,per_tenant,True,True
drop_system,both,0.3,ours,True,True
drop_system,both,0.3,ours_shift_flag,True,True
drop_system,both,0.3,ours_input,True,True
drop_system,both,0.3,pooled,True,True
drop_system,both,0.3,per_tenant,True,True
drop_system,both,0.3,ours,True,True
drop_system,both,0.3,ours_shift_flag,True,True
drop_system,both,0.3,ours_input,True,True
drop_system,both,0.3,pooled,True,True
drop_system,both,0.3,per_tenant,True,True
drop_system,both,0.3,ours,True,True
drop_system,both,0.3,ours_shift_flag,True,True
drop_system,both,0.3,ours_input,True,True
drop_system,both,0.3,pooled,True,True
drop_system,both,0.3,per_tenant,True,True
drop_system,both,0.3,ours,True,True
drop_system,both,0.3,ours_shift_flag,True,True
drop_system,both,0.3,ours_input,True,True
drop_system,both,0.3,pooled,True,True
drop_system,both,0.3,per_tenant,True,True
drop_system,both,0.3,ours,True,True
drop_system,both,0.3,ours_shift_flag,True,True
drop_system,both,0.3,ours_input,True,True
drop_system,both,0.3,pooled,True,True
drop_system,both,0.3,per_tenant,True,True
drop_system,both,0.3,ours,True,True
drop_system,both,0.3,ours_shift_flag,True,True
drop_system,both,0.3,ours_input,True,True
drop_system,both,0.3,pooled,True,True
drop_system,both,0.3,per_tenant,True,True
drop_system,both,0.3,ours,True,True
drop_system,both,0.3,ours_shift_flag,True,True
drop_system,both,0.3,ours_input,True,True
drop_system,both,0.3,pooled,True,True
drop_system,both,0.3,per_tenant,True,True
drop_system,both,0.3,ours,True,True
drop_system,both,0.3,ours_shift_flag,True,True
drop_system,both,0.3,ours_input,True,True
drop_system,both,0.3,pooled,True,True
drop_system,both,0.3,per_tenant,True,True
drop_system,both,0.3,ours,True,True
drop_system,both,0.3,ours_shift_flag,True,True
drop_system,both,0.3,ours_input,True,True
drop_system,none,1.0,pooled,False,True
drop_system,none,1.0,per_tenant,False,True
drop_system,none,1.0,ours,False,True
drop_system,none,1.0,ours_shift_flag,False,True
drop_system,none,1.0,ours_input,False,True
drop_system,none,1.0,pooled,False,True
drop_system,none,1.0,per_tenant,False,True
drop_system,none,1.0,ours,False,True
drop_system,none,1.0,ours_shift_flag,False,True
drop_system,none,1.0,ours_input,False,True
drop_system,none,1.0,pooled,False,True
drop_system,none,1.0,per_tenant,False,True
drop_system,none,1.0,ours,False,True
drop_system,none,1.0,ours_shift_flag,False,True
drop_system,none,1.0,ours_input,False,True
drop_system,none,1.0,pooled,False,True
drop_system,none,1.0,per_tenant,False,True
drop_system,none,1.0,ours,False,True
drop_system,none,1.0,ours_shift_flag,False,True
drop_system,none,1.0,ours_input,False,True
drop_system,none,1.0,pooled,False,True
drop_system,none,1.0,per_tenant,False,True
drop_system,none,1.0,ours,False,True
drop_system,none,1.0,ours_shift_flag,False,True
drop_system,none,1.0,ours_input,False,True
drop_system,none,1.0,pooled,False,True
drop_system,none,1.0,per_tenant,False,True
drop_system,none,1.0,ours,False,True
drop_system,none,1.0,ours_shift_flag,False,True
drop_system,none,1.0,ours_input,False,True
drop_system,none,1.0,pooled,False,True
drop_system,none,1.0,per_tenant,False,True
drop_system,none,1.0,ours,False,True
drop_system,none,1.0,ours_shift_flag,False,True
drop_system,none,1.0,ours_input,False,True
drop_system,none,1.0,pooled,False,True
drop_system,none,1.0,per_tenant,False,True
drop_system,none,1.0,ours,False,True
drop_system,none,1.0,ours_shift_flag,False,True
drop_system,none,1.0,ours_input,False,True
drop_system,none,1.0,pooled,False,True
drop_system,none,1.0,per_tenant,False,True
drop_system,none,1.0,ours,False,True
drop_system,none,1.0,ours_shift_flag,False,True
drop_system,none,1.0,ours_input,False,True
drop_system,none,1.0,pooled,False,True
drop_system,none,1.0,per_tenant,False,True
drop_system,none,1.0,ours,False,True
drop_system,none,1.0,ours_shift_flag,False,True
drop_system,none,1.0,ours_input,False,True
drop_system,none,1.0,pooled,False,True
drop_system,none,1.0,per_tenant,False,True
drop_system,none,1.0,ours,False,True
drop_system,none,1.0,ours_shift_flag,False,True
drop_system,none,1.0,ours_input,False,True
drop_system,none,1.0,pooled,False,True
drop_system,none,1.0,per_tenant,False,True
drop_system,none,1.0,ours,False,True
drop_system,none,1.0,ours_shift_flag,False,True
drop_system,none,1.0,ours_input,False,True
drop_system,none,1.0,pooled,False,True
drop_system,none,1.0,per_tenant,False,True
drop_system,none,1.0,ours,False,True
drop_system,none,1.0,ours_shift_flag,False,True
drop_system,none,1.0,ours_input,False,True
drop_system,none,1.0,pooled,False,True
drop_system,none,1.0,per_tenant,False,True
drop_system,none,1.0,ours,False,True
drop_system,none,1.0,ours_shift_flag,False,True
drop_system,none,1.0,ours_input,False,True
drop_system,none,1.0,pooled,False,True
drop_system,none,1.0,per_tenant,False,True
drop_system,none,1.0,ours,False,True
drop_system,none,1.0,ours_shift_flag,False,True
drop_system,none,1.0,ours_input,False,True
drop_system,none,1.0,pooled,False,True
drop_system,none,1.0,per_tenant,False,True
drop_system,none,1.0,ours,False,True
drop_system,none,1.0,ours_shift_flag,False,True
drop_system,none,1.0,ours_input,False,True
drop_system,none,1.0,pooled,False,True
drop_system,none,1.0,per_tenant,False,True
drop_system,none,1.0,ours,False,True
drop_system,none,1.0,ours_shift_flag,False,True
drop_system,none,1.0,ours_input,False,True
drop_system,none,1.0,pooled,False,True
drop_system,none,1.0,per_tenant,False,True
drop_system,none,1.0,ours,False,True
drop_system,none,1.0,ours_shift_flag,False,True
drop_system,none,1.0,ours_input,False,True
drop_system,none,1.0,pooled,False,True
drop_system,none,1.0,per_tenant,False,True
drop_system,none,1.0,ours,False,True
drop_system,none,1.0,ours_shift_flag,False,True
drop_system,none,1.0,ours_input,False,True
drop_system,none,1.0,pooled,False,True
drop_system,none,1.0,per_tenant,False,True
drop_system,none,1.0,ours,False,True
drop_system,none,1.0,ours_shift_flag,False,True
drop_system,none,1.0,ours_input,False,True
drop_system,none,1.0,pooled,False,True
drop_system,none,1.0,per_tenant,False,True
drop_system,none,1.0,ours,False,True
drop_system,none,1.0,ours_shift_flag,False,True
drop_system,none,1.0,ours_input,False,True
drop_system,none,1.0,pooled,False,True
drop_system,none,1.0,per_tenant,False,True
drop_system,none,1.0,ours,False,True
drop_system,none,1.0,ours_shift_flag,False,True
drop_system,none,1.0,ours_input,False,True
drop_system,none,1.0,pooled,False,True
drop_system,none,1.0,per_tenant,False,True
drop_system,none,1.0,ours,False,True
drop_system,none,1.0,ours_shift_flag,False,True
drop_system,none,1.0,ours_input,False,True
drop_system,none,1.0,pooled,False,True
drop_system,none,1.0,per_tenant,False,True
drop_system,none,1.0,ours,False,True
drop_system,none,1.0,ours_shift_flag,False,True
drop_system,none,1.0,ours_input,False,True
drop_system,none,1.0,pooled,False,True
drop_system,none,1.0,per_tenant,False,True
drop_system,none,1.0,ours,False,True
drop_system,none,1.0,ours_shift_flag,False,True
drop_system,none,1.0,ours_input,False,True
drop_system,none,1.0,pooled,False,True
drop_system,none,1.0,per_tenant,False,True
drop_system,none,1.0,ours,False,True
drop_system,none,1.0,ours_shift_flag,False,True
drop_system,none,1.0,ours_input,False,True
drop_system,none,1.0,pooled,False,True
drop_system,none,1.0,per_tenant,False,True
drop_system,none,1.0,ours,False,True
drop_system,none,1.0,ours_shift_flag,False,True
drop_system,none,1.0,ours_input,False,True
drop_system,none,1.0,pooled,False,True
drop_system,none,1.0,per_tenant,False,True
drop_system,none,1.0,ours,False,True
drop_system,none,1.0,ours_shift_flag,False,True
drop_system,none,1.0,ours_input,False,True
drop_system,none,1.0,pooled,False,True
drop_system,none,1.0,per_tenant,False,True
drop_system,none,1.0,ours,False,True
drop_system,none,1.0,ours_shift_flag,False,True
drop_system,none,1.0,ours_input,False,True
drop_system,none,1.0,pooled,False,True
drop_system,none,1.0,per_tenant,False,True
drop_system,none,1.0,ours,False,True
drop_system,none,1.0,ours_shift_flag,False,True
drop_system,none,1.0,ours_input,False,True
drop_system,none,1.0,pooled,False,True
drop_system,none,1.0,per_tenant,False,True
drop_system,none,1.0,ours,False,True
drop_system,none,1.0,ours_shift_flag,False,True
drop_system,none,1.0,ours_input,False,True
drop_system,none,1.0,pooled,False,True
drop_system,none,1.0,per_tenant,False,True
drop_system,none,1.0,ours,False,True
drop_system,none,1.0,ours_shift_flag,False,True
drop_system,none,1.0,ours_input,False,True
drop_system,none,1.0,pooled,False,True
drop_system,none,1.0,per_tenant,False,True
drop_system,none,1.0,ours,False,True
drop_system,none,1.0,ours_shift_flag,False,True
drop_system,none,1.0,ours_input,False,True
drop_system,none,1.0,pooled,False,True
drop_system,none,1.0,per_tenant,False,True
drop_system,none,1.0,ours,False,True
drop_system,none,1.0,ours_shift_flag,False,True
drop_system,none,1.0,ours_input,False,True
drop_system,none,1.0,pooled,False,True
drop_system,none,1.0,per_tenant,False,True
drop_system,none,1.0,ours,False,True
drop_system,none,1.0,ours_shift_flag,False,True
drop_system,none,1.0,ours_input,False,True
drop_system,none,1.0,pooled,False,True
drop_system,none,1.0,per_tenant,False,True
drop_system,none,1.0,ours,False,True
drop_system,none,1.0,ours_shift_flag,False,True
drop_system,none,1.0,ours_input,False,True
drop_system,none,1.0,pooled,False,True
drop_system,none,1.0,per_tenant,False,True
drop_system,none,1.0,ours,False,True
drop_system,none,1.0,ours_shift_flag,False,True
drop_system,none,1.0,ours_input,False,True
drop_system,none,1.0,pooled,False,True
drop_system,none,1.0,per_tenant,False,True
drop_system,none,1.0,ours,False,True
drop_system,none,1.0,ours_shift_flag,False,True
drop_system,none,1.0,ours_input,False,True
drop_system,none,1.0,pooled,False,True
drop_system,none,1.0,per_tenant,False,True
drop_system,none,1.0,ours,False,True
drop_system,none,1.0,ours_shift_flag,False,True
drop_system,none,1.0,ours_input,False,True
drop_system,none,1.0,pooled,False,True
drop_system,none,1.0,per_tenant,False,True
drop_system,none,1.0,ours,False,True
drop_system,none,1.0,ours_shift_flag,False,True
drop_system,none,1.0,ours_input,False,True
drop_system,none,1.0,pooled,False,True
drop_system,none,1.0,per_tenant,False,True
drop_system,none,1.0,ours,False,True
drop_system,none,1.0,ours_shift_flag,False,True
drop_system,none,1.0,ours_input,False,True
drop_system,none,1.0,pooled,False,True
drop_system,none,1.0,per_tenant,False,True
drop_system,none,1.0,ours,False,True
drop_system,none,1.0,ours_shift_flag,False,True
drop_system,none,1.0,ours_input,False,True
drop_system,none,1.0,pooled,False,True
drop_system,none,1.0,per_tenant,False,True
drop_system,none,1.0,ours,False,True
drop_system,none,1.0,ours_shift_flag,False,True
drop_system,none,1.0,ours_input,False,True
drop_system,none,1.0,pooled,False,True
drop_system,none,1.0,per_tenant,False,True
drop_system,none,1.0,ours,False,True
drop_system,none,1.0,ours_shift_flag,False,True
drop_system,none,1.0,ours_input,False,True
drop_system,none,1.0,pooled,False,True
drop_system,none,1.0,per_tenant,False,True
drop_system,none,1.0,ours,False,True
drop_system,none,1.0,ours_shift_flag,False,True
drop_system,none,1.0,ours_input,False,True
drop_system,none,1.0,pooled,False,True
drop_system,none,1.0,per_tenant,False,True
drop_system,none,1.0,ours,False,True
drop_system,none,1.0,ours_shift_flag,False,True
drop_system,none,1.0,ours_input,False,True
drop_system,none,1.0,pooled,False,True
drop_system,none,1.0,per_tenant,False,True
drop_system,none,1.0,ours,False,True
drop_system,none,1.0,ours_shift_flag,False,True
drop_system,none,1.0,ours_input,False,True
drop_system,none,1.0,pooled,False,True
drop_system,none,1.0,per_tenant,False,True
drop_system,none,1.0,ours,False,True
drop_system,none,1.0,ours_shift_flag,False,True
drop_system,none,1.0,ours_input,False,True
drop_system,none,1.0,pooled,False,True
drop_system,none,1.0,per_tenant,False,True
drop_system,none,1.0,ours,False,True
drop_system,none,1.0,ours_shift_flag,False,True
drop_system,none,1.0,ours_input,False,True
drop_system,none,1.0,pooled,False,True
drop_system,none,1.0,per_tenant,False,True
drop_system,none,1.0,ours,False,True
drop_system,none,1.0,ours_shift_flag,False,True
drop_system,none,1.0,ours_input,False,True
drop_system,none,1.0,pooled,False,True
drop_system,none,1.0,per_tenant,False,True
drop_system,none,1.0,ours,False,True
drop_system,none,1.0,ours_shift_flag,False,True
drop_system,none,1.0,ours_input,False,True
drop_system,none,1.0,pooled,False,True
drop_system,none,1.0,per_tenant,False,True
drop_system,none,1.0,ours,False,True
drop_system,none,1.0,ours_shift_flag,False,True
drop_system,none,1.0,ours_input,False,True
drop_system,none,1.0,pooled,False,True
drop_system,none,1.0,per_tenant,False,True
drop_system,none,1.0,ours,False,True
drop_system,none,1.0,ours_shift_flag,False,True
drop_system,none,1.0,ours_input,False,True
drop_system,none,1.0,pooled,False,True
drop_system,none,1.0,per_tenant,False,True
drop_system,none,1.0,ours,False,True
drop_system,none,1.0,ours_shift_flag,False,True
drop_system,none,1.0,ours_input,False,True
drop_system,none,1.0,pooled,False,True
drop_system,none,1.0,per_tenant,False,True
drop_system,none,1.0,ours,False,True
drop_system,none,1.0,ours_shift_flag,False,True
drop_system,none,1.0,ours_input,False,True
drop_system,none,1.0,pooled,False,True
drop_system,none,1.0,per_tenant,False,True
drop_system,none,1.0,ours,False,True
drop_system,none,1.0,ours_shift_flag,False,True
drop_system,none,1.0,ours_input,False,True
drop_system,none,1.0,pooled,False,True
drop_system,none,1.0,per_tenant,False,True
drop_system,none,1.0,ours,False,True
drop_system,none,1.0,ours_shift_flag,False,True
drop_system,none,1.0,ours_input,False,True
drop_system,none,1.0,pooled,False,True
drop_system,none,1.0,per_tenant,False,True
drop_system,none,1.0,ours,False,True
drop_system,none,1.0,ours_shift_flag,False,True
drop_system,none,1.0,ours_input,False,True
drop_system,none,1.0,pooled,False,True
drop_system,none,1.0,per_tenant,False,True
drop_system,none,1.0,ours,False,True
drop_system,none,1.0,ours_shift_flag,False,True
drop_system,none,1.0,ours_input,False,True
drop_system,none,1.0,pooled,False,True
drop_system,none,1.0,per_tenant,False,True
drop_system,none,1.0,ours,False,True
drop_system,none,1.0,ours_shift_flag,False,True
drop_system,none,1.0,ours_input,False,True
drop_system,provider_fault,1.0,pooled,True,True
drop_system,provider_fault,1.0,per_tenant,True,True
drop_system,provider_fault,1.0,ours,True,True
drop_system,provider_fault,1.0,ours_shift_flag,False,True
drop_system,provider_fault,1.0,ours_input,True,True
drop_system,provider_fault,1.0,pooled,True,True
drop_system,provider_fault,1.0,per_tenant,True,True
drop_system,provider_fault,1.0,ours,True,True
drop_system,provider_fault,1.0,ours_shift_flag,False,True
drop_system,provider_fault,1.0,ours_input,True,True
drop_system,provider_fault,1.0,pooled,True,True
drop_system,provider_fault,1.0,per_tenant,True,True
drop_system,provider_fault,1.0,ours,True,True
drop_system,provider_fault,1.0,ours_shift_flag,False,True
drop_system,provider_fault,1.0,ours_input,True,True
drop_system,provider_fault,1.0,pooled,True,True
drop_system,provider_fault,1.0,per_tenant,True,True
drop_system,provider_fault,1.0,ours,True,True
drop_system,provider_fault,1.0,ours_shift_flag,False,True
drop_system,provider_fault,1.0,ours_input,True,True
drop_system,provider_fault,1.0,pooled,True,True
drop_system,provider_fault,1.0,per_tenant,True,True
drop_system,provider_fault,1.0,ours,True,True
drop_system,provider_fault,1.0,ours_shift_flag,False,True
drop_system,provider_fault,1.0,ours_input,True,True
drop_system,provider_fault,1.0,pooled,True,True
drop_system,provider_fault,1.0,per_tenant,True,True
drop_system,provider_fault,1.0,ours,True,True
drop_system,provider_fault,1.0,ours_shift_flag,False,True
drop_system,provider_fault,1.0,ours_input,True,True
drop_system,provider_fault,1.0,pooled,True,True
drop_system,provider_fault,1.0,per_tenant,True,True
drop_system,provider_fault,1.0,ours,True,True
drop_system,provider_fault,1.0,ours_shift_flag,False,True
drop_system,provider_fault,1.0,ours_input,True,True
drop_system,provider_fault,1.0,pooled,True,True
drop_system,provider_fault,1.0,per_tenant,True,True
drop_system,provider_fault,1.0,ours,True,True
drop_system,provider_fault,1.0,ours_shift_flag,False,True
drop_system,provider_fault,1.0,ours_input,True,True
drop_system,provider_fault,1.0,pooled,True,True
drop_system,provider_fault,1.0,per_tenant,True,True
drop_system,provider_fault,1.0,ours,True,True
drop_system,provider_fault,1.0,ours_shift_flag,False,True
drop_system,provider_fault,1.0,ours_input,True,True
drop_system,provider_fault,1.0,pooled,True,True
drop_system,provider_fault,1.0,per_tenant,True,True
drop_system,provider_fault,1.0,ours,True,True
drop_system,provider_fault,1.0,ours_shift_flag,False,True
drop_system,provider_fault,1.0,ours_input,True,True
drop_system,provider_fault,1.0,pooled,True,True
drop_system,provider_fault,1.0,per_tenant,True,True
drop_system,provider_fault,1.0,ours,True,True
drop_system,provider_fault,1.0,ours_shift_flag,False,True
drop_system,provider_fault,1.0,ours_input,True,True
drop_system,provider_fault,1.0,pooled,True,True
drop_system,provider_fault,1.0,per_tenant,True,True
drop_system,provider_fault,1.0,ours,True,True
drop_system,provider_fault,1.0,ours_shift_flag,False,True
drop_system,provider_fault,1.0,ours_input,True,True
drop_system,provider_fault,1.0,pooled,True,True
drop_system,provider_fault,1.0,per_tenant,True,True
drop_system,provider_fault,1.0,ours,True,True
drop_system,provider_fault,1.0,ours_shift_flag,False,True
drop_system,provider_fault,1.0,ours_input,True,True
drop_system,provider_fault,1.0,pooled,True,True
drop_system,provider_fault,1.0,per_tenant,True,True
drop_system,provider_fault,1.0,ours,True,True
drop_system,provider_fault,1.0,ours_shift_flag,False,True
drop_system,provider_fault,1.0,ours_input,True,True
drop_system,provider_fault,1.0,pooled,True,True
drop_system,provider_fault,1.0,per_tenant,True,True
drop_system,provider_fault,1.0,ours,True,True
drop_system,provider_fault,1.0,ours_shift_flag,False,True
drop_system,provider_fault,1.0,ours_input,True,True
drop_system,provider_fault,1.0,pooled,True,True
drop_system,provider_fault,1.0,per_tenant,True,True
drop_system,provider_fault,1.0,ours,True,True
drop_system,provider_fault,1.0,ours_shift_flag,False,True
drop_system,provider_fault,1.0,ours_input,True,True
drop_system,provider_fault,1.0,pooled,True,True
drop_system,provider_fault,1.0,per_tenant,True,True
drop_system,provider_fault,1.0,ours,True,True
drop_system,provider_fault,1.0,ours_shift_flag,False,True
drop_system,provider_fault,1.0,ours_input,True,True
drop_system,provider_fault,1.0,pooled,True,True
drop_system,provider_fault,1.0,per_tenant,True,True
drop_system,provider_fault,1.0,ours,True,True
drop_system,provider_fault,1.0,ours_shift_flag,False,True
drop_system,provider_fault,1.0,ours_input,True,True
drop_system,provider_fault,1.0,pooled,True,True
drop_system,provider_fault,1.0,per_tenant,True,True
drop_system,provider_fault,1.0,ours,True,True
drop_system,provider_fault,1.0,ours_shift_flag,False,True
drop_system,provider_fault,1.0,ours_input,True,True
drop_system,provider_fault,1.0,pooled,True,True
drop_system,provider_fault,1.0,per_tenant,True,True
drop_system,provider_fault,1.0,ours,True,True
drop_system,provider_fault,1.0,ours_shift_flag,False,True
drop_system,provider_fault,1.0,ours_input,True,True
drop_system,provider_fault,1.0,pooled,True,True
drop_system,provider_fault,1.0,per_tenant,True,True
drop_system,provider_fault,1.0,ours,True,True
drop_system,provider_fault,1.0,ours_shift_flag,False,True
drop_system,provider_fault,1.0,ours_input,True,True
drop_system,provider_fault,1.0,pooled,True,True
drop_system,provider_fault,1.0,per_tenant,True,True
drop_system,provider_fault,1.0,ours,True,True
drop_system,provider_fault,1.0,ours_shift_flag,False,True
drop_system,provider_fault,1.0,ours_input,True,True
drop_system,provider_fault,1.0,pooled,True,True
drop_system,provider_fault,1.0,per_tenant,True,True
drop_system,provider_fault,1.0,ours,True,True
drop_system,provider_fault,1.0,ours_shift_flag,False,True
drop_system,provider_fault,1.0,ours_input,True,True
drop_system,provider_fault,1.0,pooled,True,True
drop_system,provider_fault,1.0,per_tenant,True,True
drop_system,provider_fault,1.0,ours,True,True
drop_system,provider_fault,1.0,ours_shift_flag,False,True
drop_system,provider_fault,1.0,ours_input,True,True
drop_system,provider_fault,1.0,pooled,True,True
drop_system,provider_fault,1.0,per_tenant,True,True
drop_system,provider_fault,1.0,ours,True,True
drop_system,provider_fault,1.0,ours_shift_flag,False,True
drop_system,provider_fault,1.0,ours_input,True,True
drop_system,provider_fault,1.0,pooled,True,True
drop_system,provider_fault,1.0,per_tenant,True,True
drop_system,provider_fault,1.0,ours,True,True
drop_system,provider_fault,1.0,ours_shift_flag,False,True
drop_system,provider_fault,1.0,ours_input,True,True
drop_system,provider_fault,1.0,pooled,True,True
drop_system,provider_fault,1.0,per_tenant,True,True
drop_system,provider_fault,1.0,ours,True,True
drop_system,provider_fault,1.0,ours_shift_flag,False,True
drop_system,provider_fault,1.0,ours_input,True,True
drop_system,provider_fault,1.0,pooled,True,True
drop_system,provider_fault,1.0,per_tenant,True,True
drop_system,provider_fault,1.0,ours,True,True
drop_system,provider_fault,1.0,ours_shift_flag,False,True
drop_system,provider_fault,1.0,ours_input,True,True
drop_system,provider_fault,1.0,pooled,True,True
drop_system,provider_fault,1.0,per_tenant,True,True
drop_system,provider_fault,1.0,ours,True,True
drop_system,provider_fault,1.0,ours_shift_flag,False,True
drop_system,provider_fault,1.0,ours_input,True,True
drop_system,provider_fault,1.0,pooled,True,True
drop_system,provider_fault,1.0,per_tenant,True,True
drop_system,provider_fault,1.0,ours,True,True
drop_system,provider_fault,1.0,ours_shift_flag,False,True
drop_system,provider_fault,1.0,ours_input,True,True
drop_system,provider_fault,1.0,pooled,True,True
drop_system,provider_fault,1.0,per_tenant,True,True
drop_system,provider_fault,1.0,ours,True,True
drop_system,provider_fault,1.0,ours_shift_flag,False,True
drop_system,provider_fault,1.0,ours_input,True,True
drop_system,provider_fault,1.0,pooled,True,True
drop_system,provider_fault,1.0,per_tenant,True,True
drop_system,provider_fault,1.0,ours,True,True
drop_system,provider_fault,1.0,ours_shift_flag,False,True
drop_system,provider_fault,1.0,ours_input,True,True
drop_system,provider_fault,1.0,pooled,True,True
drop_system,provider_fault,1.0,per_tenant,True,True
drop_system,provider_fault,1.0,ours,True,True
drop_system,provider_fault,1.0,ours_shift_flag,False,True
drop_system,provider_fault,1.0,ours_input,True,True
drop_system,provider_fault,1.0,pooled,True,True
drop_system,provider_fault,1.0,per_tenant,True,True
drop_system,provider_fault,1.0,ours,True,True
drop_system,provider_fault,1.0,ours_shift_flag,False,True
drop_system,provider_fault,1.0,ours_input,True,True
drop_system,provider_fault,1.0,pooled,True,True
drop_system,provider_fault,1.0,per_tenant,True,True
drop_system,provider_fault,1.0,ours,True,True
drop_system,provider_fault,1.0,ours_shift_flag,False,True
drop_system,provider_fault,1.0,ours_input,True,True
drop_system,provider_fault,1.0,pooled,True,True
drop_system,provider_fault,1.0,per_tenant,True,True
drop_system,provider_fault,1.0,ours,True,True
drop_system,provider_fault,1.0,ours_shift_flag,False,True
drop_system,provider_fault,1.0,ours_input,True,True
drop_system,provider_fault,1.0,pooled,True,True
drop_system,provider_fault,1.0,per_tenant,True,True
drop_system,provider_fault,1.0,ours,True,True
drop_system,provider_fault,1.0,ours_shift_flag,False,True
drop_system,provider_fault,1.0,ours_input,True,True
drop_system,provider_fault,1.0,pooled,True,True
drop_system,provider_fault,1.0,per_tenant,True,True
drop_system,provider_fault,1.0,ours,True,True
drop_system,provider_fault,1.0,ours_shift_flag,False,True
drop_system,provider_fault,1.0,ours_input,True,True
drop_system,provider_fault,1.0,pooled,True,True
drop_system,provider_fault,1.0,per_tenant,True,True
drop_system,provider_fault,1.0,ours,True,True
drop_system,provider_fault,1.0,ours_shift_flag,False,True
drop_system,provider_fault,1.0,ours_input,True,True
drop_system,provider_fault,1.0,pooled,True,True
drop_system,provider_fault,1.0,per_tenant,True,True
drop_system,provider_fault,1.0,ours,True,True
drop_system,provider_fault,1.0,ours_shift_flag,False,True
drop_system,provider_fault,1.0,ours_input,True,True
drop_system,provider_fault,1.0,pooled,True,True
drop_system,provider_fault,1.0,per_tenant,True,True
drop_system,provider_fault,1.0,ours,True,True
drop_system,provider_fault,1.0,ours_shift_flag,False,True
drop_system,provider_fault,1.0,ours_input,True,True
drop_system,provider_fault,1.0,pooled,True,True
drop_system,provider_fault,1.0,per_tenant,True,True
drop_system,provider_fault,1.0,ours,True,True
drop_system,provider_fault,1.0,ours_shift_flag,False,True
drop_system,provider_fault,1.0,ours_input,True,True
drop_system,provider_fault,1.0,pooled,True,True
drop_system,provider_fault,1.0,per_tenant,True,True
drop_system,provider_fault,1.0,ours,True,True
drop_system,provider_fault,1.0,ours_shift_flag,False,True
drop_system,provider_fault,1.0,ours_input,True,True
drop_system,provider_fault,1.0,pooled,True,True
drop_system,provider_fault,1.0,per_tenant,True,True
drop_system,provider_fault,1.0,ours,True,True
drop_system,provider_fault,1.0,ours_shift_flag,False,True
drop_system,provider_fault,1.0,ours_input,True,True
drop_system,provider_fault,1.0,pooled,True,True
drop_system,provider_fault,1.0,per_tenant,True,True
drop_system,provider_fault,1.0,ours,True,True
drop_system,provider_fault,1.0,ours_shift_flag,False,True
drop_system,provider_fault,1.0,ours_input,True,True
drop_system,provider_fault,1.0,pooled,True,True
drop_system,provider_fault,1.0,per_tenant,True,True
drop_system,provider_fault,1.0,ours,True,True
drop_system,provider_fault,1.0,ours_shift_flag,False,True
drop_system,provider_fault,1.0,ours_input,True,True
drop_system,provider_fault,1.0,pooled,True,True
drop_system,provider_fault,1.0,per_tenant,True,True
drop_system,provider_fault,1.0,ours,True,True
drop_system,provider_fault,1.0,ours_shift_flag,False,True
drop_system,provider_fault,1.0,ours_input,True,True
drop_system,provider_fault,1.0,pooled,True,True
drop_system,provider_fault,1.0,per_tenant,True,True
drop_system,provider_fault,1.0,ours,True,True
drop_system,provider_fault,1.0,ours_shift_flag,False,True
drop_system,provider_fault,1.0,ours_input,True,True
drop_system,provider_fault,1.0,pooled,True,True
drop_system,provider_fault,1.0,per_tenant,True,True
drop_system,provider_fault,1.0,ours,True,True
drop_system,provider_fault,1.0,ours_shift_flag,False,True
drop_system,provider_fault,1.0,ours_input,True,True
drop_system,provider_fault,1.0,pooled,True,True
drop_system,provider_fault,1.0,per_tenant,True,True
drop_system,provider_fault,1.0,ours,True,True
drop_system,provider_fault,1.0,ours_shift_flag,False,True
drop_system,provider_fault,1.0,ours_input,True,True
drop_system,provider_fault,1.0,pooled,True,True
drop_system,provider_fault,1.0,per_tenant,True,True
drop_system,provider_fault,1.0,ours,True,True
drop_system,provider_fault,1.0,ours_shift_flag,False,True
drop_system,provider_fault,1.0,ours_input,True,True
drop_system,provider_fault,1.0,pooled,True,True
drop_system,provider_fault,1.0,per_tenant,True,True
drop_system,provider_fault,1.0,ours,True,True
drop_system,provider_fault,1.0,ours_shift_flag,False,True
drop_system,provider_fault,1.0,ours_input,True,True
drop_system,provider_fault,1.0,pooled,True,True
drop_system,provider_fault,1.0,per_tenant,True,True
drop_system,provider_fault,1.0,ours,True,True
drop_system,provider_fault,1.0,ours_shift_flag,False,True
drop_system,provider_fault,1.0,ours_input,True,True
drop_system,provider_fault,1.0,pooled,True,True
drop_system,provider_fault,1.0,per_tenant,True,True
drop_system,provider_fault,1.0,ours,True,True
drop_system,provider_fault,1.0,ours_shift_flag,False,True
drop_system,provider_fault,1.0,ours_input,True,True
drop_system,provider_fault,1.0,pooled,True,True
drop_system,provider_fault,1.0,per_tenant,True,True
drop_system,provider_fault,1.0,ours,True,True
drop_system,provider_fault,1.0,ours_shift_flag,False,True
drop_system,provider_fault,1.0,ours_input,True,True
drop_system,provider_fault,1.0,pooled,True,True
drop_system,provider_fault,1.0,per_tenant,True,True
drop_system,provider_fault,1.0,ours,True,True
drop_system,provider_fault,1.0,ours_shift_flag,False,True
drop_system,provider_fault,1.0,ours_input,True,True
drop_system,provider_fault,1.0,pooled,True,True
drop_system,provider_fault,1.0,per_tenant,True,True
drop_system,provider_fault,1.0,ours,True,True
drop_system,provider_fault,1.0,ours_shift_flag,False,True
drop_system,provider_fault,1.0,ours_input,True,True
drop_system,provider_fault,1.0,pooled,True,True
drop_system,provider_fault,1.0,per_tenant,True,True
drop_system,provider_fault,1.0,ours,True,True
drop_system,provider_fault,1.0,ours_shift_flag,False,True
drop_system,provider_fault,1.0,ours_input,True,True
drop_system,provider_fault,1.0,pooled,True,True
drop_system,provider_fault,1.0,per_tenant,True,True
drop_system,provider_fault,1.0,ours,True,True
drop_system,provider_fault,1.0,ours_shift_flag,False,True
drop_system,provider_fault,1.0,ours_input,True,True
drop_system,provider_fault,1.0,pooled,True,True
drop_system,provider_fault,1.0,per_tenant,True,True
drop_system,provider_fault,1.0,ours,True,True
drop_system,provider_fault,1.0,ours_shift_flag,False,True
drop_system,provider_fault,1.0,ours_input,True,True
drop_system,traffic_shift,1.0,pooled,True,False
drop_system,traffic_shift,1.0,per_tenant,True,False
drop_system,traffic_shift,1.0,ours,True,False
drop_system,traffic_shift,1.0,ours_shift_flag,True,True
drop_system,traffic_shift,1.0,ours_input,False,True
drop_system,traffic_shift,1.0,pooled,True,False
drop_system,traffic_shift,1.0,per_tenant,True,False
drop_system,traffic_shift,1.0,ours,True,False
drop_system,traffic_shift,1.0,ours_shift_flag,True,True
drop_system,traffic_shift,1.0,ours_input,False,True
drop_system,traffic_shift,1.0,pooled,True,False
drop_system,traffic_shift,1.0,per_tenant,True,False
drop_system,traffic_shift,1.0,ours,True,False
drop_system,traffic_shift,1.0,ours_shift_flag,True,True
drop_system,traffic_shift,1.0,ours_input,False,True
drop_system,traffic_shift,1.0,pooled,True,False
drop_system,traffic_shift,1.0,per_tenant,True,False
drop_system,traffic_shift,1.0,ours,True,False
drop_system,traffic_shift,1.0,ours_shift_flag,True,True
drop_system,traffic_shift,1.0,ours_input,False,True
drop_system,traffic_shift,1.0,pooled,True,False
drop_system,traffic_shift,1.0,per_tenant,True,False
drop_system,traffic_shift,1.0,ours,True,False
drop_system,traffic_shift,1.0,ours_shift_flag,True,True
drop_system,traffic_shift,1.0,ours_input,False,True
drop_system,traffic_shift,1.0,pooled,True,False
drop_system,traffic_shift,1.0,per_tenant,True,False
drop_system,traffic_shift,1.0,ours,True,False
drop_system,traffic_shift,1.0,ours_shift_flag,True,True
drop_system,traffic_shift,1.0,ours_input,False,True
drop_system,traffic_shift,1.0,pooled,True,False
drop_system,traffic_shift,1.0,per_tenant,True,False
drop_system,traffic_shift,1.0,ours,True,False
drop_system,traffic_shift,1.0,ours_shift_flag,True,True
drop_system,traffic_shift,1.0,ours_input,False,True
drop_system,traffic_shift,1.0,pooled,True,False
drop_system,traffic_shift,1.0,per_tenant,True,False
drop_system,traffic_shift,1.0,ours,True,False
drop_system,traffic_shift,1.0,ours_shift_flag,True,True
drop_system,traffic_shift,1.0,ours_input,False,True
drop_system,traffic_shift,1.0,pooled,True,False
drop_system,traffic_shift,1.0,per_tenant,True,False
drop_system,traffic_shift,1.0,ours,True,False
drop_system,traffic_shift,1.0,ours_shift_flag,True,True
drop_system,traffic_shift,1.0,ours_input,False,True
drop_system,traffic_shift,1.0,pooled,True,False
drop_system,traffic_shift,1.0,per_tenant,True,False
drop_system,traffic_shift,1.0,ours,True,False
drop_system,traffic_shift,1.0,ours_shift_flag,True,True
drop_system,traffic_shift,1.0,ours_input,False,True
drop_system,traffic_shift,1.0,pooled,True,False
drop_system,traffic_shift,1.0,per_tenant,True,False
drop_system,traffic_shift,1.0,ours,True,False
drop_system,traffic_shift,1.0,ours_shift_flag,True,True
drop_system,traffic_shift,1.0,ours_input,False,True
drop_system,traffic_shift,1.0,pooled,True,False
drop_system,traffic_shift,1.0,per_tenant,True,False
drop_system,traffic_shift,1.0,ours,True,False
drop_system,traffic_shift,1.0,ours_shift_flag,True,True
drop_system,traffic_shift,1.0,ours_input,False,True
drop_system,traffic_shift,1.0,pooled,True,False
drop_system,traffic_shift,1.0,per_tenant,True,False
drop_system,traffic_shift,1.0,ours,True,False
drop_system,traffic_shift,1.0,ours_shift_flag,True,True
drop_system,traffic_shift,1.0,ours_input,False,True
drop_system,traffic_shift,1.0,pooled,True,False
drop_system,traffic_shift,1.0,per_tenant,True,False
drop_system,traffic_shift,1.0,ours,True,False
drop_system,traffic_shift,1.0,ours_shift_flag,True,True
drop_system,traffic_shift,1.0,ours_input,False,True
drop_system,traffic_shift,1.0,pooled,True,False
drop_system,traffic_shift,1.0,per_tenant,True,False
drop_system,traffic_shift,1.0,ours,True,False
drop_system,traffic_shift,1.0,ours_shift_flag,True,True
drop_system,traffic_shift,1.0,ours_input,False,True
drop_system,traffic_shift,1.0,pooled,True,False
drop_system,traffic_shift,1.0,per_tenant,True,False
drop_system,traffic_shift,1.0,ours,True,False
drop_system,traffic_shift,1.0,ours_shift_flag,True,True
drop_system,traffic_shift,1.0,ours_input,False,True
drop_system,traffic_shift,1.0,pooled,True,False
drop_system,traffic_shift,1.0,per_tenant,True,False
drop_system,traffic_shift,1.0,ours,True,False
drop_system,traffic_shift,1.0,ours_shift_flag,True,True
drop_system,traffic_shift,1.0,ours_input,False,True
drop_system,traffic_shift,1.0,pooled,True,False
drop_system,traffic_shift,1.0,per_tenant,True,False
drop_system,traffic_shift,1.0,ours,True,False
drop_system,traffic_shift,1.0,ours_shift_flag,True,True
drop_system,traffic_shift,1.0,ours_input,False,True
drop_system,traffic_shift,1.0,pooled,True,False
drop_system,traffic_shift,1.0,per_tenant,True,False
drop_system,traffic_shift,1.0,ours,True,False
drop_system,traffic_shift,1.0,ours_shift_flag,True,True
drop_system,traffic_shift,1.0,ours_input,False,True
drop_system,traffic_shift,1.0,pooled,True,False
drop_system,traffic_shift,1.0,per_tenant,True,False
drop_system,traffic_shift,1.0,ours,True,False
drop_system,traffic_shift,1.0,ours_shift_flag,True,True
drop_system,traffic_shift,1.0,ours_input,False,True
drop_system,traffic_shift,1.0,pooled,True,False
drop_system,traffic_shift,1.0,per_tenant,True,False
drop_system,traffic_shift,1.0,ours,True,False
drop_system,traffic_shift,1.0,ours_shift_flag,True,True
drop_system,traffic_shift,1.0,ours_input,False,True
drop_system,traffic_shift,1.0,pooled,True,False
drop_system,traffic_shift,1.0,per_tenant,True,False
drop_system,traffic_shift,1.0,ours,True,False
drop_system,traffic_shift,1.0,ours_shift_flag,True,True
drop_system,traffic_shift,1.0,ours_input,False,True
drop_system,traffic_shift,1.0,pooled,True,False
drop_system,traffic_shift,1.0,per_tenant,True,False
drop_system,traffic_shift,1.0,ours,True,False
drop_system,traffic_shift,1.0,ours_shift_flag,True,True
drop_system,traffic_shift,1.0,ours_input,False,True
drop_system,traffic_shift,1.0,pooled,True,False
drop_system,traffic_shift,1.0,per_tenant,True,False
drop_system,traffic_shift,1.0,ours,True,False
drop_system,traffic_shift,1.0,ours_shift_flag,True,True
drop_system,traffic_shift,1.0,ours_input,False,True
drop_system,traffic_shift,1.0,pooled,True,False
drop_system,traffic_shift,1.0,per_tenant,True,False
drop_system,traffic_shift,1.0,ours,True,False
drop_system,traffic_shift,1.0,ours_shift_flag,True,True
drop_system,traffic_shift,1.0,ours_input,False,True
drop_system,traffic_shift,1.0,pooled,True,False
drop_system,traffic_shift,1.0,per_tenant,True,False
drop_system,traffic_shift,1.0,ours,True,False
drop_system,traffic_shift,1.0,ours_shift_flag,True,True
drop_system,traffic_shift,1.0,ours_input,False,True
drop_system,traffic_shift,1.0,pooled,True,False
drop_system,traffic_shift,1.0,per_tenant,True,False
drop_system,traffic_shift,1.0,ours,True,False
drop_system,traffic_shift,1.0,ours_shift_flag,True,True
drop_system,traffic_shift,1.0,ours_input,False,True
drop_system,traffic_shift,1.0,pooled,True,False
drop_system,traffic_shift,1.0,per_tenant,True,False
drop_system,traffic_shift,1.0,ours,True,False
drop_system,traffic_shift,1.0,ours_shift_flag,True,True
drop_system,traffic_shift,1.0,ours_input,False,True
drop_system,traffic_shift,1.0,pooled,True,False
drop_system,traffic_shift,1.0,per_tenant,True,False
drop_system,traffic_shift,1.0,ours,True,False
drop_system,traffic_shift,1.0,ours_shift_flag,True,True
drop_system,traffic_shift,1.0,ours_input,False,True
drop_system,traffic_shift,1.0,pooled,True,False
drop_system,traffic_shift,1.0,per_tenant,True,False
drop_system,traffic_shift,1.0,ours,True,False
drop_system,traffic_shift,1.0,ours_shift_flag,True,True
drop_system,traffic_shift,1.0,ours_input,False,True
drop_system,traffic_shift,1.0,pooled,True,False
drop_system,traffic_shift,1.0,per_tenant,True,False
drop_system,traffic_shift,1.0,ours,True,False
drop_system,traffic_shift,1.0,ours_shift_flag,True,True
drop_system,traffic_shift,1.0,ours_input,False,True
drop_system,traffic_shift,1.0,pooled,True,False
drop_system,traffic_shift,1.0,per_tenant,True,False
drop_system,traffic_shift,1.0,ours,True,False
drop_system,traffic_shift,1.0,ours_shift_flag,True,True
drop_system,traffic_shift,1.0,ours_input,False,True
drop_system,traffic_shift,1.0,pooled,True,False
drop_system,traffic_shift,1.0,per_tenant,True,False
drop_system,traffic_shift,1.0,ours,True,False
drop_system,traffic_shift,1.0,ours_shift_flag,True,True
drop_system,traffic_shift,1.0,ours_input,False,True
drop_system,traffic_shift,1.0,pooled,True,False
drop_system,traffic_shift,1.0,per_tenant,True,False
drop_system,traffic_shift,1.0,ours,True,False
drop_system,traffic_shift,1.0,ours_shift_flag,True,True
drop_system,traffic_shift,1.0,ours_input,False,True
drop_system,traffic_shift,1.0,pooled,True,False
drop_system,traffic_shift,1.0,per_tenant,True,False
drop_system,traffic_shift,1.0,ours,True,False
drop_system,traffic_shift,1.0,ours_shift_flag,True,True
drop_system,traffic_shift,1.0,ours_input,False,True
drop_system,traffic_shift,1.0,pooled,True,False
drop_system,traffic_shift,1.0,per_tenant,True,False
drop_system,traffic_shift,1.0,ours,True,False
drop_system,traffic_shift,1.0,ours_shift_flag,True,True
drop_system,traffic_shift,1.0,ours_input,False,True
drop_system,traffic_shift,1.0,pooled,True,False
drop_system,traffic_shift,1.0,per_tenant,True,False
drop_system,traffic_shift,1.0,ours,True,False
drop_system,traffic_shift,1.0,ours_shift_flag,True,True
drop_system,traffic_shift,1.0,ours_input,False,True
drop_system,traffic_shift,1.0,pooled,True,False
drop_system,traffic_shift,1.0,per_tenant,True,False
drop_system,traffic_shift,1.0,ours,True,False
drop_system,traffic_shift,1.0,ours_shift_flag,True,True
drop_system,traffic_shift,1.0,ours_input,False,True
drop_system,traffic_shift,1.0,pooled,True,False
drop_system,traffic_shift,1.0,per_tenant,True,False
drop_system,traffic_shift,1.0,ours,True,False
drop_system,traffic_shift,1.0,ours_shift_flag,True,True
drop_system,traffic_shift,1.0,ours_input,False,True
drop_system,traffic_shift,1.0,pooled,True,False
drop_system,traffic_shift,1.0,per_tenant,True,False
drop_system,traffic_shift,1.0,ours,True,False
drop_system,traffic_shift,1.0,ours_shift_flag,True,True
drop_system,traffic_shift,1.0,ours_input,False,True
drop_system,traffic_shift,1.0,pooled,True,False
drop_system,traffic_shift,1.0,per_tenant,True,False
drop_system,traffic_shift,1.0,ours,True,False
drop_system,traffic_shift,1.0,ours_shift_flag,True,True
drop_system,traffic_shift,1.0,ours_input,False,True
drop_system,traffic_shift,1.0,pooled,True,False
drop_system,traffic_shift,1.0,per_tenant,True,False
drop_system,traffic_shift,1.0,ours,True,False
drop_system,traffic_shift,1.0,ours_shift_flag,True,True
drop_system,traffic_shift,1.0,ours_input,False,True
drop_system,traffic_shift,1.0,pooled,True,False
drop_system,traffic_shift,1.0,per_tenant,True,False
drop_system,traffic_shift,1.0,ours,True,False
drop_system,traffic_shift,1.0,ours_shift_flag,True,True
drop_system,traffic_shift,1.0,ours_input,False,True
drop_system,traffic_shift,1.0,pooled,True,False
drop_system,traffic_shift,1.0,per_tenant,True,False
drop_system,traffic_shift,1.0,ours,True,False
drop_system,traffic_shift,1.0,ours_shift_flag,True,True
drop_system,traffic_shift,1.0,ours_input,False,True
drop_system,traffic_shift,1.0,pooled,True,False
drop_system,traffic_shift,1.0,per_tenant,True,False
drop_system,traffic_shift,1.0,ours,True,False
drop_system,traffic_shift,1.0,ours_shift_flag,True,True
drop_system,traffic_shift,1.0,ours_input,False,True
drop_system,traffic_shift,1.0,pooled,True,False
drop_system,traffic_shift,1.0,per_tenant,True,False
drop_system,traffic_shift,1.0,ours,True,False
drop_system,traffic_shift,1.0,ours_shift_flag,True,True
drop_system,traffic_shift,1.0,ours_input,False,True
drop_system,traffic_shift,1.0,pooled,True,False
drop_system,traffic_shift,1.0,per_tenant,True,False
drop_system,traffic_shift,1.0,ours,True,False
drop_system,traffic_shift,1.0,ours_shift_flag,True,True
drop_system,traffic_shift,1.0,ours_input,False,True
drop_system,traffic_shift,1.0,pooled,True,False
drop_system,traffic_shift,1.0,per_tenant,True,False
drop_system,traffic_shift,1.0,ours,True,False
drop_system,traffic_shift,1.0,ours_shift_flag,True,True
drop_system,traffic_shift,1.0,ours_input,False,True
drop_system,traffic_shift,1.0,pooled,True,False
drop_system,traffic_shift,1.0,per_tenant,True,False
drop_system,traffic_shift,1.0,ours,True,False
drop_system,traffic_shift,1.0,ours_shift_flag,True,True
drop_system,traffic_shift,1.0,ours_input,False,True
drop_system,traffic_shift,1.0,pooled,True,False
drop_system,traffic_shift,1.0,per_tenant,True,False
drop_system,traffic_shift,1.0,ours,True,False
drop_system,traffic_shift,1.0,ours_shift_flag,True,True
drop_system,traffic_shift,1.0,ours_input,False,True
drop_system,traffic_shift,1.0,pooled,True,False
drop_system,traffic_shift,1.0,per_tenant,True,False
drop_system,traffic_shift,1.0,ours,True,False
drop_system,traffic_shift,1.0,ours_shift_flag,True,True
drop_system,traffic_shift,1.0,ours_input,False,True
drop_system,traffic_shift,1.0,pooled,True,False
drop_system,traffic_shift,1.0,per_tenant,True,False
drop_system,traffic_shift,1.0,ours,True,False
drop_system,traffic_shift,1.0,ours_shift_flag,True,True
drop_system,traffic_shift,1.0,ours_input,False,True
drop_system,traffic_shift,1.0,pooled,True,False
drop_system,traffic_shift,1.0,per_tenant,True,False
drop_system,traffic_shift,1.0,ours,True,False
drop_system,traffic_shift,1.0,ours_shift_flag,True,True
drop_system,traffic_shift,1.0,ours_input,False,True
drop_system,traffic_shift,1.0,pooled,True,False
drop_system,traffic_shift,1.0,per_tenant,True,False
drop_system,traffic_shift,1.0,ours,True,False
drop_system,traffic_shift,1.0,ours_shift_flag,True,True
drop_system,traffic_shift,1.0,ours_input,False,True
drop_system,traffic_shift,1.0,pooled,True,False
drop_system,traffic_shift,1.0,per_tenant,True,False
drop_system,traffic_shift,1.0,ours,True,False
drop_system,traffic_shift,1.0,ours_shift_flag,True,True
drop_system,traffic_shift,1.0,ours_input,False,True
drop_system,traffic_shift,1.0,pooled,True,False
drop_system,traffic_shift,1.0,per_tenant,True,False
drop_system,traffic_shift,1.0,ours,True,False
drop_system,traffic_shift,1.0,ours_shift_flag,True,True
drop_system,traffic_shift,1.0,ours_input,False,True
drop_system,traffic_shift,1.0,pooled,True,False
drop_system,traffic_shift,1.0,per_tenant,True,False
drop_system,traffic_shift,1.0,ours,True,False
drop_system,traffic_shift,1.0,ours_shift_flag,True,True
drop_system,traffic_shift,1.0,ours_input,False,True
drop_system,traffic_shift,1.0,pooled,True,False
drop_system,traffic_shift,1.0,per_tenant,True,False
drop_system,traffic_shift,1.0,ours,True,False
drop_system,traffic_shift,1.0,ours_shift_flag,True,True
drop_system,traffic_shift,1.0,ours_input,False,True
drop_system,traffic_shift,1.0,pooled,True,False
drop_system,traffic_shift,1.0,per_tenant,True,False
drop_system,traffic_shift,1.0,ours,True,False
drop_system,traffic_shift,1.0,ours_shift_flag,True,True
drop_system,traffic_shift,1.0,ours_input,False,True
drop_system,traffic_shift,1.0,pooled,True,False
drop_system,traffic_shift,1.0,per_tenant,True,False
drop_system,traffic_shift,1.0,ours,True,False
drop_system,traffic_shift,1.0,ours_shift_flag,True,True
drop_system,traffic_shift,1.0,ours_input,False,True
drop_system,both,1.0,pooled,True,True
drop_system,both,1.0,per_tenant,True,True
drop_system,both,1.0,ours,True,True
drop_system,both,1.0,ours_shift_flag,True,True
drop_system,both,1.0,ours_input,True,True
drop_system,both,1.0,pooled,True,True
drop_system,both,1.0,per_tenant,True,True
drop_system,both,1.0,ours,True,True
drop_system,both,1.0,ours_shift_flag,True,True
drop_system,both,1.0,ours_input,True,True
drop_system,both,1.0,pooled,True,True
drop_system,both,1.0,per_tenant,True,True
drop_system,both,1.0,ours,True,True
drop_system,both,1.0,ours_shift_flag,True,True
drop_system,both,1.0,ours_input,True,True
drop_system,both,1.0,pooled,True,True
drop_system,both,1.0,per_tenant,True,True
drop_system,both,1.0,ours,True,True
drop_system,both,1.0,ours_shift_flag,True,True
drop_system,both,1.0,ours_input,True,True
drop_system,both,1.0,pooled,True,True
drop_system,both,1.0,per_tenant,True,True
drop_system,both,1.0,ours,True,True
drop_system,both,1.0,ours_shift_flag,True,True
drop_system,both,1.0,ours_input,True,True
drop_system,both,1.0,pooled,True,True
drop_system,both,1.0,per_tenant,True,True
drop_system,both,1.0,ours,True,True
drop_system,both,1.0,ours_shift_flag,True,True
drop_system,both,1.0,ours_input,True,True
drop_system,both,1.0,pooled,True,True
drop_system,both,1.0,per_tenant,True,True
drop_system,both,1.0,ours,True,True
drop_system,both,1.0,ours_shift_flag,True,True
drop_system,both,1.0,ours_input,True,True
drop_system,both,1.0,pooled,True,True
drop_system,both,1.0,per_tenant,True,True
drop_system,both,1.0,ours,True,True
drop_system,both,1.0,ours_shift_flag,True,True
drop_system,both,1.0,ours_input,True,True
drop_system,both,1.0,pooled,True,True
drop_system,both,1.0,per_tenant,True,True
drop_system,both,1.0,ours,True,True
drop_system,both,1.0,ours_shift_flag,True,True
drop_system,both,1.0,ours_input,True,True
drop_system,both,1.0,pooled,True,True
drop_system,both,1.0,per_tenant,True,True
drop_system,both,1.0,ours,True,True
drop_system,both,1.0,ours_shift_flag,True,True
drop_system,both,1.0,ours_input,True,True
drop_system,both,1.0,pooled,True,True
drop_system,both,1.0,per_tenant,True,True
drop_system,both,1.0,ours,True,True
drop_system,both,1.0,ours_shift_flag,True,True
drop_system,both,1.0,ours_input,True,True
drop_system,both,1.0,pooled,True,True
drop_system,both,1.0,per_tenant,True,True
drop_system,both,1.0,ours,True,True
drop_system,both,1.0,ours_shift_flag,True,True
drop_system,both,1.0,ours_input,True,True
drop_system,both,1.0,pooled,True,True
drop_system,both,1.0,per_tenant,True,True
drop_system,both,1.0,ours,True,True
drop_system,both,1.0,ours_shift_flag,True,True
drop_system,both,1.0,ours_input,True,True
drop_system,both,1.0,pooled,True,True
drop_system,both,1.0,per_tenant,True,True
drop_system,both,1.0,ours,True,True
drop_system,both,1.0,ours_shift_flag,True,True
drop_system,both,1.0,ours_input,True,True
drop_system,both,1.0,pooled,True,True
drop_system,both,1.0,per_tenant,True,True
drop_system,both,1.0,ours,True,True
drop_system,both,1.0,ours_shift_flag,True,True
drop_system,both,1.0,ours_input,True,True
drop_system,both,1.0,pooled,True,True
drop_system,both,1.0,per_tenant,True,True
drop_system,both,1.0,ours,True,True
drop_system,both,1.0,ours_shift_flag,True,True
drop_system,both,1.0,ours_input,True,True
drop_system,both,1.0,pooled,True,True
drop_system,both,1.0,per_tenant,True,True
drop_system,both,1.0,ours,True,True
drop_system,both,1.0,ours_shift_flag,True,True
drop_system,both,1.0,ours_input,True,True
drop_system,both,1.0,pooled,True,True
drop_system,both,1.0,per_tenant,True,True
drop_system,both,1.0,ours,True,True
drop_system,both,1.0,ours_shift_flag,True,True
drop_system,both,1.0,ours_input,True,True
drop_system,both,1.0,pooled,True,True
drop_system,both,1.0,per_tenant,True,True
drop_system,both,1.0,ours,True,True
drop_system,both,1.0,ours_shift_flag,True,True
drop_system,both,1.0,ours_input,True,True
drop_system,both,1.0,pooled,True,True
drop_system,both,1.0,per_tenant,True,True
drop_system,both,1.0,ours,True,True
drop_system,both,1.0,ours_shift_flag,True,True
drop_system,both,1.0,ours_input,True,True
drop_system,both,1.0,pooled,True,True
drop_system,both,1.0,per_tenant,True,True
drop_system,both,1.0,ours,True,True
drop_system,both,1.0,ours_shift_flag,True,True
drop_system,both,1.0,ours_input,True,True
drop_system,both,1.0,pooled,True,True
drop_system,both,1.0,per_tenant,True,True
drop_system,both,1.0,ours,True,True
drop_system,both,1.0,ours_shift_flag,True,True
drop_system,both,1.0,ours_input,True,True
drop_system,both,1.0,pooled,True,True
drop_system,both,1.0,per_tenant,True,True
drop_system,both,1.0,ours,True,True
drop_system,both,1.0,ours_shift_flag,True,True
drop_system,both,1.0,ours_input,True,True
drop_system,both,1.0,pooled,True,True
drop_system,both,1.0,per_tenant,True,True
drop_system,both,1.0,ours,True,True
drop_system,both,1.0,ours_shift_flag,True,True
drop_system,both,1.0,ours_input,True,True
drop_system,both,1.0,pooled,True,True
drop_system,both,1.0,per_tenant,True,True
drop_system,both,1.0,ours,True,True
drop_system,both,1.0,ours_shift_flag,True,True
drop_system,both,1.0,ours_input,True,True
drop_system,both,1.0,pooled,True,True
drop_system,both,1.0,per_tenant,True,True
drop_system,both,1.0,ours,True,True
drop_system,both,1.0,ours_shift_flag,True,True
drop_system,both,1.0,ours_input,True,True
drop_system,both,1.0,pooled,True,True
drop_system,both,1.0,per_tenant,True,True
drop_system,both,1.0,ours,True,True
drop_system,both,1.0,ours_shift_flag,True,True
drop_system,both,1.0,ours_input,True,True
drop_system,both,1.0,pooled,True,True
drop_system,both,1.0,per_tenant,True,True
drop_system,both,1.0,ours,True,True
drop_system,both,1.0,ours_shift_flag,True,True
drop_system,both,1.0,ours_input,True,True
drop_system,both,1.0,pooled,True,True
drop_system,both,1.0,per_tenant,True,True
drop_system,both,1.0,ours,True,True
drop_system,both,1.0,ours_shift_flag,True,True
drop_system,both,1.0,ours_input,True,True
drop_system,both,1.0,pooled,True,True
drop_system,both,1.0,per_tenant,True,True
drop_system,both,1.0,ours,True,True
drop_system,both,1.0,ours_shift_flag,True,True
drop_system,both,1.0,ours_input,True,True
drop_system,both,1.0,pooled,True,True
drop_system,both,1.0,per_tenant,True,True
drop_system,both,1.0,ours,True,True
drop_system,both,1.0,ours_shift_flag,True,True
drop_system,both,1.0,ours_input,True,True
drop_system,both,1.0,pooled,True,True
drop_system,both,1.0,per_tenant,True,True
drop_system,both,1.0,ours,True,True
drop_system,both,1.0,ours_shift_flag,True,True
drop_system,both,1.0,ours_input,True,True
drop_system,both,1.0,pooled,True,True
drop_system,both,1.0,per_tenant,True,True
drop_system,both,1.0,ours,True,True
drop_system,both,1.0,ours_shift_flag,True,True
drop_system,both,1.0,ours_input,True,True
drop_system,both,1.0,pooled,True,True
drop_system,both,1.0,per_tenant,True,True
drop_system,both,1.0,ours,True,True
drop_system,both,1.0,ours_shift_flag,True,True
drop_system,both,1.0,ours_input,True,True
drop_system,both,1.0,pooled,True,True
drop_system,both,1.0,per_tenant,True,True
drop_system,both,1.0,ours,True,True
drop_system,both,1.0,ours_shift_flag,True,True
drop_system,both,1.0,ours_input,True,True
drop_system,both,1.0,pooled,True,True
drop_system,both,1.0,per_tenant,True,True
drop_system,both,1.0,ours,True,True
drop_system,both,1.0,ours_shift_flag,True,True
drop_system,both,1.0,ours_input,True,True
drop_system,both,1.0,pooled,True,True
drop_system,both,1.0,per_tenant,True,True
drop_system,both,1.0,ours,True,True
drop_system,both,1.0,ours_shift_flag,True,True
drop_system,both,1.0,ours_input,True,True
drop_system,both,1.0,pooled,True,True
drop_system,both,1.0,per_tenant,True,True
drop_system,both,1.0,ours,True,True
drop_system,both,1.0,ours_shift_flag,True,True
drop_system,both,1.0,ours_input,True,True
drop_system,both,1.0,pooled,True,True
drop_system,both,1.0,per_tenant,True,True
drop_system,both,1.0,ours,True,True
drop_system,both,1.0,ours_shift_flag,True,True
drop_system,both,1.0,ours_input,True,True
drop_system,both,1.0,pooled,True,True
drop_system,both,1.0,per_tenant,True,True
drop_system,both,1.0,ours,True,True
drop_system,both,1.0,ours_shift_flag,True,True
drop_system,both,1.0,ours_input,True,True
drop_system,both,1.0,pooled,True,True
drop_system,both,1.0,per_tenant,True,True
drop_system,both,1.0,ours,True,True
drop_system,both,1.0,ours_shift_flag,True,True
drop_system,both,1.0,ours_input,True,True
drop_system,both,1.0,pooled,True,True
drop_system,both,1.0,per_tenant,True,True
drop_system,both,1.0,ours,True,True
drop_system,both,1.0,ours_shift_flag,True,True
drop_system,both,1.0,ours_input,True,True
drop_system,both,1.0,pooled,True,True
drop_system,both,1.0,per_tenant,True,True
drop_system,both,1.0,ours,True,True
drop_system,both,1.0,ours_shift_flag,True,True
drop_system,both,1.0,ours_input,True,True
drop_system,both,1.0,pooled,True,True
drop_system,both,1.0,per_tenant,True,True
drop_system,both,1.0,ours,True,True
drop_system,both,1.0,ours_shift_flag,True,True
drop_system,both,1.0,ours_input,True,True
drop_system,both,1.0,pooled,True,True
drop_system,both,1.0,per_tenant,True,True
drop_system,both,1.0,ours,True,True
drop_system,both,1.0,ours_shift_flag,True,True
drop_system,both,1.0,ours_input,True,True
drop_system,both,1.0,pooled,True,True
drop_system,both,1.0,per_tenant,True,True
drop_system,both,1.0,ours,True,True
drop_system,both,1.0,ours_shift_flag,True,True
drop_system,both,1.0,ours_input,True,True
drop_system,both,1.0,pooled,True,True
drop_system,both,1.0,per_tenant,True,True
drop_system,both,1.0,ours,True,True
drop_system,both,1.0,ours_shift_flag,True,True
drop_system,both,1.0,ours_input,True,True
drop_system,both,1.0,pooled,True,True
drop_system,both,1.0,per_tenant,True,True
drop_system,both,1.0,ours,True,True
drop_system,both,1.0,ours_shift_flag,True,True
drop_system,both,1.0,ours_input,True,True
drop_system,both,1.0,pooled,True,True
drop_system,both,1.0,per_tenant,True,True
drop_system,both,1.0,ours,True,True
drop_system,both,1.0,ours_shift_flag,True,True
drop_system,both,1.0,ours_input,True,True
drop_system,both,1.0,pooled,True,True
drop_system,both,1.0,per_tenant,True,True
drop_system,both,1.0,ours,True,True
drop_system,both,1.0,ours_shift_flag,True,True
drop_system,both,1.0,ours_input,True,True
drop_system,both,1.0,pooled,True,True
drop_system,both,1.0,per_tenant,True,True
drop_system,both,1.0,ours,True,True
drop_system,both,1.0,ours_shift_flag,True,True
drop_system,both,1.0,ours_input,True,True
drop_system,both,1.0,pooled,True,True
drop_system,both,1.0,per_tenant,True,True
drop_system,both,1.0,ours,True,True
drop_system,both,1.0,ours_shift_flag,True,True
drop_system,both,1.0,ours_input,True,True
drop_system,both,1.0,pooled,True,True
drop_system,both,1.0,per_tenant,True,True
drop_system,both,1.0,ours,True,True
drop_system,both,1.0,ours_shift_flag,True,True
drop_system,both,1.0,ours_input,True,True
drop_system,both,1.0,pooled,True,True
drop_system,both,1.0,per_tenant,True,True
drop_system,both,1.0,ours,True,True
drop_system,both,1.0,ours_shift_flag,True,True
drop_system,both,1.0,ours_input,True,True
drop_system,both,1.0,pooled,True,True
drop_system,both,1.0,per_tenant,True,True
drop_system,both,1.0,ours,True,True
drop_system,both,1.0,ours_shift_flag,True,True
drop_system,both,1.0,ours_input,True,True
drop_system,both,1.0,pooled,True,True
drop_system,both,1.0,per_tenant,True,True
drop_system,both,1.0,ours,True,True
drop_system,both,1.0,ours_shift_flag,True,True
drop_system,both,1.0,ours_input,True,True
drop_system,both,1.0,pooled,True,True
drop_system,both,1.0,per_tenant,True,True
drop_system,both,1.0,ours,True,True
drop_system,both,1.0,ours_shift_flag,True,True
drop_system,both,1.0,ours_input,True,True
drop_system,both,1.0,pooled,True,True
drop_system,both,1.0,per_tenant,True,True
drop_system,both,1.0,ours,True,True
drop_system,both,1.0,ours_shift_flag,True,True
drop_system,both,1.0,ours_input,True,True
drop_system,both,1.0,pooled,True,True
drop_system,both,1.0,per_tenant,True,True
drop_system,both,1.0,ours,True,True
drop_system,both,1.0,ours_shift_flag,True,True
drop_system,both,1.0,ours_input,True,True
drop_system,both,1.0,pooled,True,True
drop_system,both,1.0,per_tenant,True,True
drop_system,both,1.0,ours,True,True
drop_system,both,1.0,ours_shift_flag,True,True
drop_system,both,1.0,ours_input,True,True
truncate_context,none,0.3,pooled,False,True
truncate_context,none,0.3,per_tenant,False,True
truncate_context,none,0.3,ours,False,True
truncate_context,none,0.3,ours_shift_flag,False,True
truncate_context,none,0.3,ours_input,False,True
truncate_context,none,0.3,pooled,False,True
truncate_context,none,0.3,per_tenant,False,True
truncate_context,none,0.3,ours,False,True
truncate_context,none,0.3,ours_shift_flag,False,True
truncate_context,none,0.3,ours_input,False,True
truncate_context,none,0.3,pooled,False,True
truncate_context,none,0.3,per_tenant,False,True
truncate_context,none,0.3,ours,False,True
truncate_context,none,0.3,ours_shift_flag,False,True
truncate_context,none,0.3,ours_input,False,True
truncate_context,none,0.3,pooled,False,True
truncate_context,none,0.3,per_tenant,False,True
truncate_context,none,0.3,ours,False,True
truncate_context,none,0.3,ours_shift_flag,False,True
truncate_context,none,0.3,ours_input,False,True
truncate_context,none,0.3,pooled,False,True
truncate_context,none,0.3,per_tenant,False,True
truncate_context,none,0.3,ours,False,True
truncate_context,none,0.3,ours_shift_flag,False,True
truncate_context,none,0.3,ours_input,False,True
truncate_context,none,0.3,pooled,False,True
truncate_context,none,0.3,per_tenant,False,True
truncate_context,none,0.3,ours,False,True
truncate_context,none,0.3,ours_shift_flag,False,True
truncate_context,none,0.3,ours_input,False,True
truncate_context,none,0.3,pooled,False,True
truncate_context,none,0.3,per_tenant,False,True
truncate_context,none,0.3,ours,False,True
truncate_context,none,0.3,ours_shift_flag,False,True
truncate_context,none,0.3,ours_input,False,True
truncate_context,none,0.3,pooled,False,True
truncate_context,none,0.3,per_tenant,False,True
truncate_context,none,0.3,ours,False,True
truncate_context,none,0.3,ours_shift_flag,False,True
truncate_context,none,0.3,ours_input,False,True
truncate_context,none,0.3,pooled,False,True
truncate_context,none,0.3,per_tenant,False,True
truncate_context,none,0.3,ours,False,True
truncate_context,none,0.3,ours_shift_flag,False,True
truncate_context,none,0.3,ours_input,False,True
truncate_context,none,0.3,pooled,False,True
truncate_context,none,0.3,per_tenant,False,True
truncate_context,none,0.3,ours,False,True
truncate_context,none,0.3,ours_shift_flag,False,True
truncate_context,none,0.3,ours_input,False,True
truncate_context,none,0.3,pooled,False,True
truncate_context,none,0.3,per_tenant,False,True
truncate_context,none,0.3,ours,False,True
truncate_context,none,0.3,ours_shift_flag,False,True
truncate_context,none,0.3,ours_input,False,True
truncate_context,none,0.3,pooled,False,True
truncate_context,none,0.3,per_tenant,False,True
truncate_context,none,0.3,ours,False,True
truncate_context,none,0.3,ours_shift_flag,False,True
truncate_context,none,0.3,ours_input,False,True
truncate_context,none,0.3,pooled,False,True
truncate_context,none,0.3,per_tenant,False,True
truncate_context,none,0.3,ours,False,True
truncate_context,none,0.3,ours_shift_flag,False,True
truncate_context,none,0.3,ours_input,False,True
truncate_context,none,0.3,pooled,False,True
truncate_context,none,0.3,per_tenant,False,True
truncate_context,none,0.3,ours,False,True
truncate_context,none,0.3,ours_shift_flag,False,True
truncate_context,none,0.3,ours_input,False,True
truncate_context,none,0.3,pooled,False,True
truncate_context,none,0.3,per_tenant,False,True
truncate_context,none,0.3,ours,False,True
truncate_context,none,0.3,ours_shift_flag,False,True
truncate_context,none,0.3,ours_input,False,True
truncate_context,none,0.3,pooled,False,True
truncate_context,none,0.3,per_tenant,False,True
truncate_context,none,0.3,ours,False,True
truncate_context,none,0.3,ours_shift_flag,False,True
truncate_context,none,0.3,ours_input,False,True
truncate_context,none,0.3,pooled,False,True
truncate_context,none,0.3,per_tenant,False,True
truncate_context,none,0.3,ours,False,True
truncate_context,none,0.3,ours_shift_flag,False,True
truncate_context,none,0.3,ours_input,False,True
truncate_context,none,0.3,pooled,False,True
truncate_context,none,0.3,per_tenant,False,True
truncate_context,none,0.3,ours,False,True
truncate_context,none,0.3,ours_shift_flag,False,True
truncate_context,none,0.3,ours_input,False,True
truncate_context,none,0.3,pooled,False,True
truncate_context,none,0.3,per_tenant,False,True
truncate_context,none,0.3,ours,False,True
truncate_context,none,0.3,ours_shift_flag,False,True
truncate_context,none,0.3,ours_input,False,True
truncate_context,none,0.3,pooled,False,True
truncate_context,none,0.3,per_tenant,False,True
truncate_context,none,0.3,ours,False,True
truncate_context,none,0.3,ours_shift_flag,False,True
truncate_context,none,0.3,ours_input,False,True
truncate_context,none,0.3,pooled,False,True
truncate_context,none,0.3,per_tenant,False,True
truncate_context,none,0.3,ours,False,True
truncate_context,none,0.3,ours_shift_flag,False,True
truncate_context,none,0.3,ours_input,False,True
truncate_context,none,0.3,pooled,False,True
truncate_context,none,0.3,per_tenant,False,True
truncate_context,none,0.3,ours,False,True
truncate_context,none,0.3,ours_shift_flag,False,True
truncate_context,none,0.3,ours_input,False,True
truncate_context,none,0.3,pooled,False,True
truncate_context,none,0.3,per_tenant,False,True
truncate_context,none,0.3,ours,False,True
truncate_context,none,0.3,ours_shift_flag,False,True
truncate_context,none,0.3,ours_input,False,True
truncate_context,none,0.3,pooled,False,True
truncate_context,none,0.3,per_tenant,False,True
truncate_context,none,0.3,ours,False,True
truncate_context,none,0.3,ours_shift_flag,False,True
truncate_context,none,0.3,ours_input,False,True
truncate_context,none,0.3,pooled,False,True
truncate_context,none,0.3,per_tenant,False,True
truncate_context,none,0.3,ours,False,True
truncate_context,none,0.3,ours_shift_flag,False,True
truncate_context,none,0.3,ours_input,False,True
truncate_context,none,0.3,pooled,False,True
truncate_context,none,0.3,per_tenant,False,True
truncate_context,none,0.3,ours,False,True
truncate_context,none,0.3,ours_shift_flag,False,True
truncate_context,none,0.3,ours_input,False,True
truncate_context,none,0.3,pooled,False,True
truncate_context,none,0.3,per_tenant,False,True
truncate_context,none,0.3,ours,False,True
truncate_context,none,0.3,ours_shift_flag,False,True
truncate_context,none,0.3,ours_input,False,True
truncate_context,none,0.3,pooled,False,True
truncate_context,none,0.3,per_tenant,False,True
truncate_context,none,0.3,ours,False,True
truncate_context,none,0.3,ours_shift_flag,False,True
truncate_context,none,0.3,ours_input,False,True
truncate_context,none,0.3,pooled,False,True
truncate_context,none,0.3,per_tenant,False,True
truncate_context,none,0.3,ours,False,True
truncate_context,none,0.3,ours_shift_flag,False,True
truncate_context,none,0.3,ours_input,False,True
truncate_context,none,0.3,pooled,False,True
truncate_context,none,0.3,per_tenant,False,True
truncate_context,none,0.3,ours,False,True
truncate_context,none,0.3,ours_shift_flag,False,True
truncate_context,none,0.3,ours_input,False,True
truncate_context,none,0.3,pooled,False,True
truncate_context,none,0.3,per_tenant,False,True
truncate_context,none,0.3,ours,False,True
truncate_context,none,0.3,ours_shift_flag,False,True
truncate_context,none,0.3,ours_input,False,True
truncate_context,none,0.3,pooled,False,True
truncate_context,none,0.3,per_tenant,False,True
truncate_context,none,0.3,ours,False,True
truncate_context,none,0.3,ours_shift_flag,False,True
truncate_context,none,0.3,ours_input,False,True
truncate_context,none,0.3,pooled,False,True
truncate_context,none,0.3,per_tenant,False,True
truncate_context,none,0.3,ours,False,True
truncate_context,none,0.3,ours_shift_flag,False,True
truncate_context,none,0.3,ours_input,False,True
truncate_context,none,0.3,pooled,False,True
truncate_context,none,0.3,per_tenant,False,True
truncate_context,none,0.3,ours,False,True
truncate_context,none,0.3,ours_shift_flag,False,True
truncate_context,none,0.3,ours_input,False,True
truncate_context,none,0.3,pooled,False,True
truncate_context,none,0.3,per_tenant,False,True
truncate_context,none,0.3,ours,False,True
truncate_context,none,0.3,ours_shift_flag,False,True
truncate_context,none,0.3,ours_input,False,True
truncate_context,none,0.3,pooled,False,True
truncate_context,none,0.3,per_tenant,False,True
truncate_context,none,0.3,ours,False,True
truncate_context,none,0.3,ours_shift_flag,False,True
truncate_context,none,0.3,ours_input,False,True
truncate_context,none,0.3,pooled,False,True
truncate_context,none,0.3,per_tenant,False,True
truncate_context,none,0.3,ours,False,True
truncate_context,none,0.3,ours_shift_flag,False,True
truncate_context,none,0.3,ours_input,False,True
truncate_context,none,0.3,pooled,False,True
truncate_context,none,0.3,per_tenant,False,True
truncate_context,none,0.3,ours,False,True
truncate_context,none,0.3,ours_shift_flag,False,True
truncate_context,none,0.3,ours_input,False,True
truncate_context,none,0.3,pooled,False,True
truncate_context,none,0.3,per_tenant,False,True
truncate_context,none,0.3,ours,False,True
truncate_context,none,0.3,ours_shift_flag,False,True
truncate_context,none,0.3,ours_input,False,True
truncate_context,none,0.3,pooled,False,True
truncate_context,none,0.3,per_tenant,False,True
truncate_context,none,0.3,ours,False,True
truncate_context,none,0.3,ours_shift_flag,False,True
truncate_context,none,0.3,ours_input,False,True
truncate_context,none,0.3,pooled,False,True
truncate_context,none,0.3,per_tenant,False,True
truncate_context,none,0.3,ours,False,True
truncate_context,none,0.3,ours_shift_flag,False,True
truncate_context,none,0.3,ours_input,False,True
truncate_context,none,0.3,pooled,False,True
truncate_context,none,0.3,per_tenant,False,True
truncate_context,none,0.3,ours,False,True
truncate_context,none,0.3,ours_shift_flag,False,True
truncate_context,none,0.3,ours_input,False,True
truncate_context,none,0.3,pooled,False,True
truncate_context,none,0.3,per_tenant,False,True
truncate_context,none,0.3,ours,False,True
truncate_context,none,0.3,ours_shift_flag,False,True
truncate_context,none,0.3,ours_input,False,True
truncate_context,none,0.3,pooled,False,True
truncate_context,none,0.3,per_tenant,False,True
truncate_context,none,0.3,ours,False,True
truncate_context,none,0.3,ours_shift_flag,False,True
truncate_context,none,0.3,ours_input,False,True
truncate_context,none,0.3,pooled,False,True
truncate_context,none,0.3,per_tenant,False,True
truncate_context,none,0.3,ours,False,True
truncate_context,none,0.3,ours_shift_flag,False,True
truncate_context,none,0.3,ours_input,False,True
truncate_context,none,0.3,pooled,False,True
truncate_context,none,0.3,per_tenant,False,True
truncate_context,none,0.3,ours,False,True
truncate_context,none,0.3,ours_shift_flag,False,True
truncate_context,none,0.3,ours_input,False,True
truncate_context,none,0.3,pooled,False,True
truncate_context,none,0.3,per_tenant,False,True
truncate_context,none,0.3,ours,False,True
truncate_context,none,0.3,ours_shift_flag,False,True
truncate_context,none,0.3,ours_input,False,True
truncate_context,none,0.3,pooled,False,True
truncate_context,none,0.3,per_tenant,False,True
truncate_context,none,0.3,ours,False,True
truncate_context,none,0.3,ours_shift_flag,False,True
truncate_context,none,0.3,ours_input,False,True
truncate_context,none,0.3,pooled,False,True
truncate_context,none,0.3,per_tenant,False,True
truncate_context,none,0.3,ours,False,True
truncate_context,none,0.3,ours_shift_flag,False,True
truncate_context,none,0.3,ours_input,False,True
truncate_context,none,0.3,pooled,False,True
truncate_context,none,0.3,per_tenant,False,True
truncate_context,none,0.3,ours,False,True
truncate_context,none,0.3,ours_shift_flag,False,True
truncate_context,none,0.3,ours_input,False,True
truncate_context,none,0.3,pooled,False,True
truncate_context,none,0.3,per_tenant,False,True
truncate_context,none,0.3,ours,False,True
truncate_context,none,0.3,ours_shift_flag,False,True
truncate_context,none,0.3,ours_input,False,True
truncate_context,none,0.3,pooled,False,True
truncate_context,none,0.3,per_tenant,False,True
truncate_context,none,0.3,ours,False,True
truncate_context,none,0.3,ours_shift_flag,False,True
truncate_context,none,0.3,ours_input,False,True
truncate_context,none,0.3,pooled,False,True
truncate_context,none,0.3,per_tenant,False,True
truncate_context,none,0.3,ours,False,True
truncate_context,none,0.3,ours_shift_flag,False,True
truncate_context,none,0.3,ours_input,False,True
truncate_context,none,0.3,pooled,False,True
truncate_context,none,0.3,per_tenant,False,True
truncate_context,none,0.3,ours,False,True
truncate_context,none,0.3,ours_shift_flag,False,True
truncate_context,none,0.3,ours_input,False,True
truncate_context,none,0.3,pooled,False,True
truncate_context,none,0.3,per_tenant,False,True
truncate_context,none,0.3,ours,False,True
truncate_context,none,0.3,ours_shift_flag,False,True
truncate_context,none,0.3,ours_input,False,True
truncate_context,none,0.3,pooled,False,True
truncate_context,none,0.3,per_tenant,False,True
truncate_context,none,0.3,ours,False,True
truncate_context,none,0.3,ours_shift_flag,False,True
truncate_context,none,0.3,ours_input,False,True
truncate_context,none,0.3,pooled,False,True
truncate_context,none,0.3,per_tenant,False,True
truncate_context,none,0.3,ours,False,True
truncate_context,none,0.3,ours_shift_flag,False,True
truncate_context,none,0.3,ours_input,False,True
truncate_context,none,0.3,pooled,False,True
truncate_context,none,0.3,per_tenant,False,True
truncate_context,none,0.3,ours,False,True
truncate_context,none,0.3,ours_shift_flag,False,True
truncate_context,none,0.3,ours_input,False,True
truncate_context,none,0.3,pooled,False,True
truncate_context,none,0.3,per_tenant,False,True
truncate_context,none,0.3,ours,False,True
truncate_context,none,0.3,ours_shift_flag,False,True
truncate_context,none,0.3,ours_input,False,True
truncate_context,none,0.3,pooled,False,True
truncate_context,none,0.3,per_tenant,False,True
truncate_context,none,0.3,ours,False,True
truncate_context,none,0.3,ours_shift_flag,False,True
truncate_context,none,0.3,ours_input,False,True
truncate_context,provider_fault,0.3,pooled,True,True
truncate_context,provider_fault,0.3,per_tenant,True,True
truncate_context,provider_fault,0.3,ours,True,True
truncate_context,provider_fault,0.3,ours_shift_flag,False,True
truncate_context,provider_fault,0.3,ours_input,True,True
truncate_context,provider_fault,0.3,pooled,True,True
truncate_context,provider_fault,0.3,per_tenant,True,True
truncate_context,provider_fault,0.3,ours,True,True
truncate_context,provider_fault,0.3,ours_shift_flag,False,True
truncate_context,provider_fault,0.3,ours_input,True,True
truncate_context,provider_fault,0.3,pooled,False,False
truncate_context,provider_fault,0.3,per_tenant,True,True
truncate_context,provider_fault,0.3,ours,False,False
truncate_context,provider_fault,0.3,ours_shift_flag,False,True
truncate_context,provider_fault,0.3,ours_input,False,False
truncate_context,provider_fault,0.3,pooled,False,False
truncate_context,provider_fault,0.3,per_tenant,True,True
truncate_context,provider_fault,0.3,ours,False,False
truncate_context,provider_fault,0.3,ours_shift_flag,False,True
truncate_context,provider_fault,0.3,ours_input,False,False
truncate_context,provider_fault,0.3,pooled,False,False
truncate_context,provider_fault,0.3,per_tenant,True,True
truncate_context,provider_fault,0.3,ours,False,False
truncate_context,provider_fault,0.3,ours_shift_flag,False,True
truncate_context,provider_fault,0.3,ours_input,False,False
truncate_context,provider_fault,0.3,pooled,False,False
truncate_context,provider_fault,0.3,per_tenant,True,True
truncate_context,provider_fault,0.3,ours,False,False
truncate_context,provider_fault,0.3,ours_shift_flag,False,True
truncate_context,provider_fault,0.3,ours_input,False,False
truncate_context,provider_fault,0.3,pooled,False,False
truncate_context,provider_fault,0.3,per_tenant,True,True
truncate_context,provider_fault,0.3,ours,False,False
truncate_context,provider_fault,0.3,ours_shift_flag,False,True
truncate_context,provider_fault,0.3,ours_input,False,False
truncate_context,provider_fault,0.3,pooled,False,False
truncate_context,provider_fault,0.3,per_tenant,True,True
truncate_context,provider_fault,0.3,ours,False,False
truncate_context,provider_fault,0.3,ours_shift_flag,False,True
truncate_context,provider_fault,0.3,ours_input,False,False
truncate_context,provider_fault,0.3,pooled,False,False
truncate_context,provider_fault,0.3,per_tenant,True,True
truncate_context,provider_fault,0.3,ours,False,False
truncate_context,provider_fault,0.3,ours_shift_flag,False,True
truncate_context,provider_fault,0.3,ours_input,False,False
truncate_context,provider_fault,0.3,pooled,True,True
truncate_context,provider_fault,0.3,per_tenant,True,True
truncate_context,provider_fault,0.3,ours,True,True
truncate_context,provider_fault,0.3,ours_shift_flag,False,True
truncate_context,provider_fault,0.3,ours_input,True,True
truncate_context,provider_fault,0.3,pooled,False,False
truncate_context,provider_fault,0.3,per_tenant,True,True
truncate_context,provider_fault,0.3,ours,False,False
truncate_context,provider_fault,0.3,ours_shift_flag,False,True
truncate_context,provider_fault,0.3,ours_input,False,False
truncate_context,provider_fault,0.3,pooled,True,True
truncate_context,provider_fault,0.3,per_tenant,True,True
truncate_context,provider_fault,0.3,ours,True,True
truncate_context,provider_fault,0.3,ours_shift_flag,False,True
truncate_context,provider_fault,0.3,ours_input,True,True
truncate_context,provider_fault,0.3,pooled,False,False
truncate_context,provider_fault,0.3,per_tenant,True,True
truncate_context,provider_fault,0.3,ours,False,False
truncate_context,provider_fault,0.3,ours_shift_flag,False,True
truncate_context,provider_fault,0.3,ours_input,False,False
truncate_context,provider_fault,0.3,pooled,True,True
truncate_context,provider_fault,0.3,per_tenant,True,True
truncate_context,provider_fault,0.3,ours,True,True
truncate_context,provider_fault,0.3,ours_shift_flag,False,True
truncate_context,provider_fault,0.3,ours_input,True,True
truncate_context,provider_fault,0.3,pooled,False,False
truncate_context,provider_fault,0.3,per_tenant,True,True
truncate_context,provider_fault,0.3,ours,False,False
truncate_context,provider_fault,0.3,ours_shift_flag,False,True
truncate_context,provider_fault,0.3,ours_input,True,True
truncate_context,provider_fault,0.3,pooled,True,True
truncate_context,provider_fault,0.3,per_tenant,True,True
truncate_context,provider_fault,0.3,ours,True,True
truncate_context,provider_fault,0.3,ours_shift_flag,False,True
truncate_context,provider_fault,0.3,ours_input,True,True
truncate_context,provider_fault,0.3,pooled,True,True
truncate_context,provider_fault,0.3,per_tenant,True,True
truncate_context,provider_fault,0.3,ours,True,True
truncate_context,provider_fault,0.3,ours_shift_flag,False,True
truncate_context,provider_fault,0.3,ours_input,True,True
truncate_context,provider_fault,0.3,pooled,True,True
truncate_context,provider_fault,0.3,per_tenant,True,True
truncate_context,provider_fault,0.3,ours,True,True
truncate_context,provider_fault,0.3,ours_shift_flag,False,True
truncate_context,provider_fault,0.3,ours_input,True,True
truncate_context,provider_fault,0.3,pooled,False,False
truncate_context,provider_fault,0.3,per_tenant,True,True
truncate_context,provider_fault,0.3,ours,False,False
truncate_context,provider_fault,0.3,ours_shift_flag,False,True
truncate_context,provider_fault,0.3,ours_input,False,False
truncate_context,provider_fault,0.3,pooled,False,False
truncate_context,provider_fault,0.3,per_tenant,True,True
truncate_context,provider_fault,0.3,ours,False,False
truncate_context,provider_fault,0.3,ours_shift_flag,False,True
truncate_context,provider_fault,0.3,ours_input,False,False
truncate_context,provider_fault,0.3,pooled,False,False
truncate_context,provider_fault,0.3,per_tenant,True,True
truncate_context,provider_fault,0.3,ours,False,False
truncate_context,provider_fault,0.3,ours_shift_flag,False,True
truncate_context,provider_fault,0.3,ours_input,False,False
truncate_context,provider_fault,0.3,pooled,False,False
truncate_context,provider_fault,0.3,per_tenant,True,True
truncate_context,provider_fault,0.3,ours,False,False
truncate_context,provider_fault,0.3,ours_shift_flag,False,True
truncate_context,provider_fault,0.3,ours_input,False,False
truncate_context,provider_fault,0.3,pooled,True,True
truncate_context,provider_fault,0.3,per_tenant,True,True
truncate_context,provider_fault,0.3,ours,True,True
truncate_context,provider_fault,0.3,ours_shift_flag,False,True
truncate_context,provider_fault,0.3,ours_input,True,True
truncate_context,provider_fault,0.3,pooled,False,False
truncate_context,provider_fault,0.3,per_tenant,True,True
truncate_context,provider_fault,0.3,ours,False,False
truncate_context,provider_fault,0.3,ours_shift_flag,False,True
truncate_context,provider_fault,0.3,ours_input,False,False
truncate_context,provider_fault,0.3,pooled,True,True
truncate_context,provider_fault,0.3,per_tenant,True,True
truncate_context,provider_fault,0.3,ours,True,True
truncate_context,provider_fault,0.3,ours_shift_flag,False,True
truncate_context,provider_fault,0.3,ours_input,True,True
truncate_context,provider_fault,0.3,pooled,True,True
truncate_context,provider_fault,0.3,per_tenant,True,True
truncate_context,provider_fault,0.3,ours,True,True
truncate_context,provider_fault,0.3,ours_shift_flag,False,True
truncate_context,provider_fault,0.3,ours_input,True,True
truncate_context,provider_fault,0.3,pooled,True,True
truncate_context,provider_fault,0.3,per_tenant,True,True
truncate_context,provider_fault,0.3,ours,True,True
truncate_context,provider_fault,0.3,ours_shift_flag,False,True
truncate_context,provider_fault,0.3,ours_input,True,True
truncate_context,provider_fault,0.3,pooled,False,False
truncate_context,provider_fault,0.3,per_tenant,True,True
truncate_context,provider_fault,0.3,ours,False,False
truncate_context,provider_fault,0.3,ours_shift_flag,False,True
truncate_context,provider_fault,0.3,ours_input,False,False
truncate_context,provider_fault,0.3,pooled,False,False
truncate_context,provider_fault,0.3,per_tenant,True,True
truncate_context,provider_fault,0.3,ours,False,False
truncate_context,provider_fault,0.3,ours_shift_flag,False,True
truncate_context,provider_fault,0.3,ours_input,False,False
truncate_context,provider_fault,0.3,pooled,True,True
truncate_context,provider_fault,0.3,per_tenant,True,True
truncate_context,provider_fault,0.3,ours,True,True
truncate_context,provider_fault,0.3,ours_shift_flag,False,True
truncate_context,provider_fault,0.3,ours_input,True,True
truncate_context,provider_fault,0.3,pooled,True,True
truncate_context,provider_fault,0.3,per_tenant,True,True
truncate_context,provider_fault,0.3,ours,True,True
truncate_context,provider_fault,0.3,ours_shift_flag,False,True
truncate_context,provider_fault,0.3,ours_input,True,True
truncate_context,provider_fault,0.3,pooled,False,False
truncate_context,provider_fault,0.3,per_tenant,True,True
truncate_context,provider_fault,0.3,ours,False,False
truncate_context,provider_fault,0.3,ours_shift_flag,False,True
truncate_context,provider_fault,0.3,ours_input,False,False
truncate_context,provider_fault,0.3,pooled,True,True
truncate_context,provider_fault,0.3,per_tenant,True,True
truncate_context,provider_fault,0.3,ours,True,True
truncate_context,provider_fault,0.3,ours_shift_flag,False,True
truncate_context,provider_fault,0.3,ours_input,True,True
truncate_context,provider_fault,0.3,pooled,True,True
truncate_context,provider_fault,0.3,per_tenant,True,True
truncate_context,provider_fault,0.3,ours,True,True
truncate_context,provider_fault,0.3,ours_shift_flag,False,True
truncate_context,provider_fault,0.3,ours_input,True,True
truncate_context,provider_fault,0.3,pooled,True,True
truncate_context,provider_fault,0.3,per_tenant,True,True
truncate_context,provider_fault,0.3,ours,True,True
truncate_context,provider_fault,0.3,ours_shift_flag,False,True
truncate_context,provider_fault,0.3,ours_input,True,True
truncate_context,provider_fault,0.3,pooled,False,False
truncate_context,provider_fault,0.3,per_tenant,True,True
truncate_context,provider_fault,0.3,ours,False,False
truncate_context,provider_fault,0.3,ours_shift_flag,False,True
truncate_context,provider_fault,0.3,ours_input,False,False
truncate_context,provider_fault,0.3,pooled,False,False
truncate_context,provider_fault,0.3,per_tenant,True,True
truncate_context,provider_fault,0.3,ours,False,False
truncate_context,provider_fault,0.3,ours_shift_flag,False,True
truncate_context,provider_fault,0.3,ours_input,False,False
truncate_context,provider_fault,0.3,pooled,False,False
truncate_context,provider_fault,0.3,per_tenant,True,True
truncate_context,provider_fault,0.3,ours,False,False
truncate_context,provider_fault,0.3,ours_shift_flag,False,True
truncate_context,provider_fault,0.3,ours_input,False,False
truncate_context,provider_fault,0.3,pooled,True,True
truncate_context,provider_fault,0.3,per_tenant,True,True
truncate_context,provider_fault,0.3,ours,True,True
truncate_context,provider_fault,0.3,ours_shift_flag,False,True
truncate_context,provider_fault,0.3,ours_input,True,True
truncate_context,provider_fault,0.3,pooled,False,False
truncate_context,provider_fault,0.3,per_tenant,True,True
truncate_context,provider_fault,0.3,ours,False,False
truncate_context,provider_fault,0.3,ours_shift_flag,False,True
truncate_context,provider_fault,0.3,ours_input,False,False
truncate_context,provider_fault,0.3,pooled,True,True
truncate_context,provider_fault,0.3,per_tenant,True,True
truncate_context,provider_fault,0.3,ours,True,True
truncate_context,provider_fault,0.3,ours_shift_flag,False,True
truncate_context,provider_fault,0.3,ours_input,True,True
truncate_context,provider_fault,0.3,pooled,True,True
truncate_context,provider_fault,0.3,per_tenant,True,True
truncate_context,provider_fault,0.3,ours,True,True
truncate_context,provider_fault,0.3,ours_shift_flag,False,True
truncate_context,provider_fault,0.3,ours_input,True,True
truncate_context,provider_fault,0.3,pooled,False,False
truncate_context,provider_fault,0.3,per_tenant,True,True
truncate_context,provider_fault,0.3,ours,False,False
truncate_context,provider_fault,0.3,ours_shift_flag,False,True
truncate_context,provider_fault,0.3,ours_input,False,False
truncate_context,provider_fault,0.3,pooled,True,True
truncate_context,provider_fault,0.3,per_tenant,True,True
truncate_context,provider_fault,0.3,ours,True,True
truncate_context,provider_fault,0.3,ours_shift_flag,False,True
truncate_context,provider_fault,0.3,ours_input,True,True
truncate_context,provider_fault,0.3,pooled,True,True
truncate_context,provider_fault,0.3,per_tenant,True,True
truncate_context,provider_fault,0.3,ours,True,True
truncate_context,provider_fault,0.3,ours_shift_flag,False,True
truncate_context,provider_fault,0.3,ours_input,True,True
truncate_context,provider_fault,0.3,pooled,False,False
truncate_context,provider_fault,0.3,per_tenant,True,True
truncate_context,provider_fault,0.3,ours,False,False
truncate_context,provider_fault,0.3,ours_shift_flag,False,True
truncate_context,provider_fault,0.3,ours_input,False,False
truncate_context,provider_fault,0.3,pooled,True,True
truncate_context,provider_fault,0.3,per_tenant,True,True
truncate_context,provider_fault,0.3,ours,True,True
truncate_context,provider_fault,0.3,ours_shift_flag,False,True
truncate_context,provider_fault,0.3,ours_input,True,True
truncate_context,provider_fault,0.3,pooled,True,True
truncate_context,provider_fault,0.3,per_tenant,True,True
truncate_context,provider_fault,0.3,ours,True,True
truncate_context,provider_fault,0.3,ours_shift_flag,False,True
truncate_context,provider_fault,0.3,ours_input,True,True
truncate_context,provider_fault,0.3,pooled,False,False
truncate_context,provider_fault,0.3,per_tenant,True,True
truncate_context,provider_fault,0.3,ours,False,False
truncate_context,provider_fault,0.3,ours_shift_flag,False,True
truncate_context,provider_fault,0.3,ours_input,False,False
truncate_context,provider_fault,0.3,pooled,False,False
truncate_context,provider_fault,0.3,per_tenant,True,True
truncate_context,provider_fault,0.3,ours,False,False
truncate_context,provider_fault,0.3,ours_shift_flag,False,True
truncate_context,provider_fault,0.3,ours_input,False,False
truncate_context,provider_fault,0.3,pooled,False,False
truncate_context,provider_fault,0.3,per_tenant,True,True
truncate_context,provider_fault,0.3,ours,False,False
truncate_context,provider_fault,0.3,ours_shift_flag,False,True
truncate_context,provider_fault,0.3,ours_input,False,False
truncate_context,provider_fault,0.3,pooled,True,True
truncate_context,provider_fault,0.3,per_tenant,True,True
truncate_context,provider_fault,0.3,ours,True,True
truncate_context,provider_fault,0.3,ours_shift_flag,False,True
truncate_context,provider_fault,0.3,ours_input,True,True
truncate_context,provider_fault,0.3,pooled,False,False
truncate_context,provider_fault,0.3,per_tenant,True,True
truncate_context,provider_fault,0.3,ours,False,False
truncate_context,provider_fault,0.3,ours_shift_flag,False,True
truncate_context,provider_fault,0.3,ours_input,True,True
truncate_context,provider_fault,0.3,pooled,False,False
truncate_context,provider_fault,0.3,per_tenant,True,True
truncate_context,provider_fault,0.3,ours,False,False
truncate_context,provider_fault,0.3,ours_shift_flag,False,True
truncate_context,provider_fault,0.3,ours_input,False,False
truncate_context,provider_fault,0.3,pooled,False,False
truncate_context,provider_fault,0.3,per_tenant,True,True
truncate_context,provider_fault,0.3,ours,False,False
truncate_context,provider_fault,0.3,ours_shift_flag,False,True
truncate_context,provider_fault,0.3,ours_input,False,False
truncate_context,provider_fault,0.3,pooled,True,True
truncate_context,provider_fault,0.3,per_tenant,True,True
truncate_context,provider_fault,0.3,ours,True,True
truncate_context,provider_fault,0.3,ours_shift_flag,False,True
truncate_context,provider_fault,0.3,ours_input,True,True
truncate_context,provider_fault,0.3,pooled,False,False
truncate_context,provider_fault,0.3,per_tenant,True,True
truncate_context,provider_fault,0.3,ours,False,False
truncate_context,provider_fault,0.3,ours_shift_flag,False,True
truncate_context,provider_fault,0.3,ours_input,False,False
truncate_context,provider_fault,0.3,pooled,False,False
truncate_context,provider_fault,0.3,per_tenant,True,True
truncate_context,provider_fault,0.3,ours,False,False
truncate_context,provider_fault,0.3,ours_shift_flag,False,True
truncate_context,provider_fault,0.3,ours_input,False,False
truncate_context,provider_fault,0.3,pooled,False,False
truncate_context,provider_fault,0.3,per_tenant,True,True
truncate_context,provider_fault,0.3,ours,False,False
truncate_context,provider_fault,0.3,ours_shift_flag,False,True
truncate_context,provider_fault,0.3,ours_input,False,False
truncate_context,provider_fault,0.3,pooled,True,True
truncate_context,provider_fault,0.3,per_tenant,True,True
truncate_context,provider_fault,0.3,ours,True,True
truncate_context,provider_fault,0.3,ours_shift_flag,False,True
truncate_context,provider_fault,0.3,ours_input,True,True
truncate_context,traffic_shift,0.3,pooled,True,False
truncate_context,traffic_shift,0.3,per_tenant,True,False
truncate_context,traffic_shift,0.3,ours,True,False
truncate_context,traffic_shift,0.3,ours_shift_flag,True,True
truncate_context,traffic_shift,0.3,ours_input,False,True
truncate_context,traffic_shift,0.3,pooled,True,False
truncate_context,traffic_shift,0.3,per_tenant,True,False
truncate_context,traffic_shift,0.3,ours,True,False
truncate_context,traffic_shift,0.3,ours_shift_flag,True,True
truncate_context,traffic_shift,0.3,ours_input,False,True
truncate_context,traffic_shift,0.3,pooled,True,False
truncate_context,traffic_shift,0.3,per_tenant,True,False
truncate_context,traffic_shift,0.3,ours,True,False
truncate_context,traffic_shift,0.3,ours_shift_flag,True,True
truncate_context,traffic_shift,0.3,ours_input,False,True
truncate_context,traffic_shift,0.3,pooled,True,False
truncate_context,traffic_shift,0.3,per_tenant,True,False
truncate_context,traffic_shift,0.3,ours,True,False
truncate_context,traffic_shift,0.3,ours_shift_flag,True,True
truncate_context,traffic_shift,0.3,ours_input,False,True
truncate_context,traffic_shift,0.3,pooled,True,False
truncate_context,traffic_shift,0.3,per_tenant,True,False
truncate_context,traffic_shift,0.3,ours,True,False
truncate_context,traffic_shift,0.3,ours_shift_flag,True,True
truncate_context,traffic_shift,0.3,ours_input,False,True
truncate_context,traffic_shift,0.3,pooled,True,False
truncate_context,traffic_shift,0.3,per_tenant,True,False
truncate_context,traffic_shift,0.3,ours,True,False
truncate_context,traffic_shift,0.3,ours_shift_flag,True,True
truncate_context,traffic_shift,0.3,ours_input,False,True
truncate_context,traffic_shift,0.3,pooled,True,False
truncate_context,traffic_shift,0.3,per_tenant,True,False
truncate_context,traffic_shift,0.3,ours,True,False
truncate_context,traffic_shift,0.3,ours_shift_flag,True,True
truncate_context,traffic_shift,0.3,ours_input,False,True
truncate_context,traffic_shift,0.3,pooled,True,False
truncate_context,traffic_shift,0.3,per_tenant,True,False
truncate_context,traffic_shift,0.3,ours,True,False
truncate_context,traffic_shift,0.3,ours_shift_flag,True,True
truncate_context,traffic_shift,0.3,ours_input,False,True
truncate_context,traffic_shift,0.3,pooled,True,False
truncate_context,traffic_shift,0.3,per_tenant,True,False
truncate_context,traffic_shift,0.3,ours,True,False
truncate_context,traffic_shift,0.3,ours_shift_flag,True,True
truncate_context,traffic_shift,0.3,ours_input,False,True
truncate_context,traffic_shift,0.3,pooled,True,False
truncate_context,traffic_shift,0.3,per_tenant,True,False
truncate_context,traffic_shift,0.3,ours,True,False
truncate_context,traffic_shift,0.3,ours_shift_flag,True,True
truncate_context,traffic_shift,0.3,ours_input,False,True
truncate_context,traffic_shift,0.3,pooled,True,False
truncate_context,traffic_shift,0.3,per_tenant,True,False
truncate_context,traffic_shift,0.3,ours,True,False
truncate_context,traffic_shift,0.3,ours_shift_flag,True,True
truncate_context,traffic_shift,0.3,ours_input,False,True
truncate_context,traffic_shift,0.3,pooled,True,False
truncate_context,traffic_shift,0.3,per_tenant,True,False
truncate_context,traffic_shift,0.3,ours,True,False
truncate_context,traffic_shift,0.3,ours_shift_flag,True,True
truncate_context,traffic_shift,0.3,ours_input,False,True
truncate_context,traffic_shift,0.3,pooled,True,False
truncate_context,traffic_shift,0.3,per_tenant,True,False
truncate_context,traffic_shift,0.3,ours,True,False
truncate_context,traffic_shift,0.3,ours_shift_flag,True,True
truncate_context,traffic_shift,0.3,ours_input,False,True
truncate_context,traffic_shift,0.3,pooled,True,False
truncate_context,traffic_shift,0.3,per_tenant,True,False
truncate_context,traffic_shift,0.3,ours,True,False
truncate_context,traffic_shift,0.3,ours_shift_flag,True,True
truncate_context,traffic_shift,0.3,ours_input,False,True
truncate_context,traffic_shift,0.3,pooled,True,False
truncate_context,traffic_shift,0.3,per_tenant,True,False
truncate_context,traffic_shift,0.3,ours,True,False
truncate_context,traffic_shift,0.3,ours_shift_flag,True,True
truncate_context,traffic_shift,0.3,ours_input,False,True
truncate_context,traffic_shift,0.3,pooled,True,False
truncate_context,traffic_shift,0.3,per_tenant,True,False
truncate_context,traffic_shift,0.3,ours,True,False
truncate_context,traffic_shift,0.3,ours_shift_flag,True,True
truncate_context,traffic_shift,0.3,ours_input,False,True
truncate_context,traffic_shift,0.3,pooled,True,False
truncate_context,traffic_shift,0.3,per_tenant,True,False
truncate_context,traffic_shift,0.3,ours,True,False
truncate_context,traffic_shift,0.3,ours_shift_flag,True,True
truncate_context,traffic_shift,0.3,ours_input,False,True
truncate_context,traffic_shift,0.3,pooled,True,False
truncate_context,traffic_shift,0.3,per_tenant,True,False
truncate_context,traffic_shift,0.3,ours,True,False
truncate_context,traffic_shift,0.3,ours_shift_flag,True,True
truncate_context,traffic_shift,0.3,ours_input,False,True
truncate_context,traffic_shift,0.3,pooled,True,False
truncate_context,traffic_shift,0.3,per_tenant,True,False
truncate_context,traffic_shift,0.3,ours,True,False
truncate_context,traffic_shift,0.3,ours_shift_flag,True,True
truncate_context,traffic_shift,0.3,ours_input,False,True
truncate_context,traffic_shift,0.3,pooled,True,False
truncate_context,traffic_shift,0.3,per_tenant,True,False
truncate_context,traffic_shift,0.3,ours,True,False
truncate_context,traffic_shift,0.3,ours_shift_flag,True,True
truncate_context,traffic_shift,0.3,ours_input,False,True
truncate_context,traffic_shift,0.3,pooled,True,False
truncate_context,traffic_shift,0.3,per_tenant,True,False
truncate_context,traffic_shift,0.3,ours,True,False
truncate_context,traffic_shift,0.3,ours_shift_flag,True,True
truncate_context,traffic_shift,0.3,ours_input,False,True
truncate_context,traffic_shift,0.3,pooled,True,False
truncate_context,traffic_shift,0.3,per_tenant,True,False
truncate_context,traffic_shift,0.3,ours,True,False
truncate_context,traffic_shift,0.3,ours_shift_flag,True,True
truncate_context,traffic_shift,0.3,ours_input,False,True
truncate_context,traffic_shift,0.3,pooled,True,False
truncate_context,traffic_shift,0.3,per_tenant,True,False
truncate_context,traffic_shift,0.3,ours,True,False
truncate_context,traffic_shift,0.3,ours_shift_flag,True,True
truncate_context,traffic_shift,0.3,ours_input,False,True
truncate_context,traffic_shift,0.3,pooled,True,False
truncate_context,traffic_shift,0.3,per_tenant,True,False
truncate_context,traffic_shift,0.3,ours,True,False
truncate_context,traffic_shift,0.3,ours_shift_flag,True,True
truncate_context,traffic_shift,0.3,ours_input,False,True
truncate_context,traffic_shift,0.3,pooled,True,False
truncate_context,traffic_shift,0.3,per_tenant,True,False
truncate_context,traffic_shift,0.3,ours,True,False
truncate_context,traffic_shift,0.3,ours_shift_flag,True,True
truncate_context,traffic_shift,0.3,ours_input,False,True
truncate_context,traffic_shift,0.3,pooled,True,False
truncate_context,traffic_shift,0.3,per_tenant,True,False
truncate_context,traffic_shift,0.3,ours,True,False
truncate_context,traffic_shift,0.3,ours_shift_flag,True,True
truncate_context,traffic_shift,0.3,ours_input,False,True
truncate_context,traffic_shift,0.3,pooled,True,False
truncate_context,traffic_shift,0.3,per_tenant,True,False
truncate_context,traffic_shift,0.3,ours,True,False
truncate_context,traffic_shift,0.3,ours_shift_flag,True,True
truncate_context,traffic_shift,0.3,ours_input,False,True
truncate_context,traffic_shift,0.3,pooled,True,False
truncate_context,traffic_shift,0.3,per_tenant,True,False
truncate_context,traffic_shift,0.3,ours,True,False
truncate_context,traffic_shift,0.3,ours_shift_flag,True,True
truncate_context,traffic_shift,0.3,ours_input,False,True
truncate_context,traffic_shift,0.3,pooled,True,False
truncate_context,traffic_shift,0.3,per_tenant,True,False
truncate_context,traffic_shift,0.3,ours,True,False
truncate_context,traffic_shift,0.3,ours_shift_flag,True,True
truncate_context,traffic_shift,0.3,ours_input,False,True
truncate_context,traffic_shift,0.3,pooled,True,False
truncate_context,traffic_shift,0.3,per_tenant,True,False
truncate_context,traffic_shift,0.3,ours,True,False
truncate_context,traffic_shift,0.3,ours_shift_flag,True,True
truncate_context,traffic_shift,0.3,ours_input,False,True
truncate_context,traffic_shift,0.3,pooled,True,False
truncate_context,traffic_shift,0.3,per_tenant,True,False
truncate_context,traffic_shift,0.3,ours,True,False
truncate_context,traffic_shift,0.3,ours_shift_flag,True,True
truncate_context,traffic_shift,0.3,ours_input,False,True
truncate_context,traffic_shift,0.3,pooled,True,False
truncate_context,traffic_shift,0.3,per_tenant,True,False
truncate_context,traffic_shift,0.3,ours,True,False
truncate_context,traffic_shift,0.3,ours_shift_flag,True,True
truncate_context,traffic_shift,0.3,ours_input,False,True
truncate_context,traffic_shift,0.3,pooled,True,False
truncate_context,traffic_shift,0.3,per_tenant,True,False
truncate_context,traffic_shift,0.3,ours,True,False
truncate_context,traffic_shift,0.3,ours_shift_flag,True,True
truncate_context,traffic_shift,0.3,ours_input,False,True
truncate_context,traffic_shift,0.3,pooled,True,False
truncate_context,traffic_shift,0.3,per_tenant,True,False
truncate_context,traffic_shift,0.3,ours,True,False
truncate_context,traffic_shift,0.3,ours_shift_flag,True,True
truncate_context,traffic_shift,0.3,ours_input,False,True
truncate_context,traffic_shift,0.3,pooled,True,False
truncate_context,traffic_shift,0.3,per_tenant,True,False
truncate_context,traffic_shift,0.3,ours,True,False
truncate_context,traffic_shift,0.3,ours_shift_flag,True,True
truncate_context,traffic_shift,0.3,ours_input,False,True
truncate_context,traffic_shift,0.3,pooled,True,False
truncate_context,traffic_shift,0.3,per_tenant,True,False
truncate_context,traffic_shift,0.3,ours,True,False
truncate_context,traffic_shift,0.3,ours_shift_flag,True,True
truncate_context,traffic_shift,0.3,ours_input,False,True
truncate_context,traffic_shift,0.3,pooled,True,False
truncate_context,traffic_shift,0.3,per_tenant,True,False
truncate_context,traffic_shift,0.3,ours,True,False
truncate_context,traffic_shift,0.3,ours_shift_flag,True,True
truncate_context,traffic_shift,0.3,ours_input,False,True
truncate_context,traffic_shift,0.3,pooled,True,False
truncate_context,traffic_shift,0.3,per_tenant,True,False
truncate_context,traffic_shift,0.3,ours,True,False
truncate_context,traffic_shift,0.3,ours_shift_flag,True,True
truncate_context,traffic_shift,0.3,ours_input,False,True
truncate_context,traffic_shift,0.3,pooled,True,False
truncate_context,traffic_shift,0.3,per_tenant,True,False
truncate_context,traffic_shift,0.3,ours,True,False
truncate_context,traffic_shift,0.3,ours_shift_flag,True,True
truncate_context,traffic_shift,0.3,ours_input,False,True
truncate_context,traffic_shift,0.3,pooled,True,False
truncate_context,traffic_shift,0.3,per_tenant,True,False
truncate_context,traffic_shift,0.3,ours,True,False
truncate_context,traffic_shift,0.3,ours_shift_flag,True,True
truncate_context,traffic_shift,0.3,ours_input,False,True
truncate_context,traffic_shift,0.3,pooled,True,False
truncate_context,traffic_shift,0.3,per_tenant,True,False
truncate_context,traffic_shift,0.3,ours,True,False
truncate_context,traffic_shift,0.3,ours_shift_flag,True,True
truncate_context,traffic_shift,0.3,ours_input,False,True
truncate_context,traffic_shift,0.3,pooled,True,False
truncate_context,traffic_shift,0.3,per_tenant,True,False
truncate_context,traffic_shift,0.3,ours,True,False
truncate_context,traffic_shift,0.3,ours_shift_flag,True,True
truncate_context,traffic_shift,0.3,ours_input,False,True
truncate_context,traffic_shift,0.3,pooled,True,False
truncate_context,traffic_shift,0.3,per_tenant,True,False
truncate_context,traffic_shift,0.3,ours,True,False
truncate_context,traffic_shift,0.3,ours_shift_flag,True,True
truncate_context,traffic_shift,0.3,ours_input,False,True
truncate_context,traffic_shift,0.3,pooled,True,False
truncate_context,traffic_shift,0.3,per_tenant,True,False
truncate_context,traffic_shift,0.3,ours,True,False
truncate_context,traffic_shift,0.3,ours_shift_flag,True,True
truncate_context,traffic_shift,0.3,ours_input,False,True
truncate_context,traffic_shift,0.3,pooled,True,False
truncate_context,traffic_shift,0.3,per_tenant,True,False
truncate_context,traffic_shift,0.3,ours,True,False
truncate_context,traffic_shift,0.3,ours_shift_flag,True,True
truncate_context,traffic_shift,0.3,ours_input,False,True
truncate_context,traffic_shift,0.3,pooled,True,False
truncate_context,traffic_shift,0.3,per_tenant,True,False
truncate_context,traffic_shift,0.3,ours,True,False
truncate_context,traffic_shift,0.3,ours_shift_flag,True,True
truncate_context,traffic_shift,0.3,ours_input,False,True
truncate_context,traffic_shift,0.3,pooled,True,False
truncate_context,traffic_shift,0.3,per_tenant,True,False
truncate_context,traffic_shift,0.3,ours,True,False
truncate_context,traffic_shift,0.3,ours_shift_flag,True,True
truncate_context,traffic_shift,0.3,ours_input,False,True
truncate_context,traffic_shift,0.3,pooled,True,False
truncate_context,traffic_shift,0.3,per_tenant,True,False
truncate_context,traffic_shift,0.3,ours,True,False
truncate_context,traffic_shift,0.3,ours_shift_flag,True,True
truncate_context,traffic_shift,0.3,ours_input,False,True
truncate_context,traffic_shift,0.3,pooled,True,False
truncate_context,traffic_shift,0.3,per_tenant,True,False
truncate_context,traffic_shift,0.3,ours,True,False
truncate_context,traffic_shift,0.3,ours_shift_flag,True,True
truncate_context,traffic_shift,0.3,ours_input,False,True
truncate_context,traffic_shift,0.3,pooled,True,False
truncate_context,traffic_shift,0.3,per_tenant,True,False
truncate_context,traffic_shift,0.3,ours,True,False
truncate_context,traffic_shift,0.3,ours_shift_flag,True,True
truncate_context,traffic_shift,0.3,ours_input,False,True
truncate_context,traffic_shift,0.3,pooled,True,False
truncate_context,traffic_shift,0.3,per_tenant,True,False
truncate_context,traffic_shift,0.3,ours,True,False
truncate_context,traffic_shift,0.3,ours_shift_flag,True,True
truncate_context,traffic_shift,0.3,ours_input,False,True
truncate_context,traffic_shift,0.3,pooled,True,False
truncate_context,traffic_shift,0.3,per_tenant,True,False
truncate_context,traffic_shift,0.3,ours,True,False
truncate_context,traffic_shift,0.3,ours_shift_flag,True,True
truncate_context,traffic_shift,0.3,ours_input,False,True
truncate_context,traffic_shift,0.3,pooled,True,False
truncate_context,traffic_shift,0.3,per_tenant,True,False
truncate_context,traffic_shift,0.3,ours,True,False
truncate_context,traffic_shift,0.3,ours_shift_flag,True,True
truncate_context,traffic_shift,0.3,ours_input,False,True
truncate_context,traffic_shift,0.3,pooled,True,False
truncate_context,traffic_shift,0.3,per_tenant,True,False
truncate_context,traffic_shift,0.3,ours,True,False
truncate_context,traffic_shift,0.3,ours_shift_flag,True,True
truncate_context,traffic_shift,0.3,ours_input,False,True
truncate_context,traffic_shift,0.3,pooled,True,False
truncate_context,traffic_shift,0.3,per_tenant,True,False
truncate_context,traffic_shift,0.3,ours,True,False
truncate_context,traffic_shift,0.3,ours_shift_flag,True,True
truncate_context,traffic_shift,0.3,ours_input,False,True
truncate_context,traffic_shift,0.3,pooled,True,False
truncate_context,traffic_shift,0.3,per_tenant,True,False
truncate_context,traffic_shift,0.3,ours,True,False
truncate_context,traffic_shift,0.3,ours_shift_flag,True,True
truncate_context,traffic_shift,0.3,ours_input,False,True
truncate_context,traffic_shift,0.3,pooled,True,False
truncate_context,traffic_shift,0.3,per_tenant,True,False
truncate_context,traffic_shift,0.3,ours,True,False
truncate_context,traffic_shift,0.3,ours_shift_flag,True,True
truncate_context,traffic_shift,0.3,ours_input,False,True
truncate_context,traffic_shift,0.3,pooled,True,False
truncate_context,traffic_shift,0.3,per_tenant,True,False
truncate_context,traffic_shift,0.3,ours,True,False
truncate_context,traffic_shift,0.3,ours_shift_flag,True,True
truncate_context,traffic_shift,0.3,ours_input,False,True
truncate_context,traffic_shift,0.3,pooled,True,False
truncate_context,traffic_shift,0.3,per_tenant,True,False
truncate_context,traffic_shift,0.3,ours,True,False
truncate_context,traffic_shift,0.3,ours_shift_flag,True,True
truncate_context,traffic_shift,0.3,ours_input,False,True
truncate_context,traffic_shift,0.3,pooled,True,False
truncate_context,traffic_shift,0.3,per_tenant,True,False
truncate_context,traffic_shift,0.3,ours,True,False
truncate_context,traffic_shift,0.3,ours_shift_flag,True,True
truncate_context,traffic_shift,0.3,ours_input,False,True
truncate_context,both,0.3,pooled,True,True
truncate_context,both,0.3,per_tenant,True,True
truncate_context,both,0.3,ours,True,True
truncate_context,both,0.3,ours_shift_flag,True,True
truncate_context,both,0.3,ours_input,True,True
truncate_context,both,0.3,pooled,True,True
truncate_context,both,0.3,per_tenant,True,True
truncate_context,both,0.3,ours,True,True
truncate_context,both,0.3,ours_shift_flag,True,True
truncate_context,both,0.3,ours_input,True,True
truncate_context,both,0.3,pooled,True,True
truncate_context,both,0.3,per_tenant,True,True
truncate_context,both,0.3,ours,True,True
truncate_context,both,0.3,ours_shift_flag,True,True
truncate_context,both,0.3,ours_input,True,True
truncate_context,both,0.3,pooled,True,True
truncate_context,both,0.3,per_tenant,True,True
truncate_context,both,0.3,ours,True,True
truncate_context,both,0.3,ours_shift_flag,True,True
truncate_context,both,0.3,ours_input,True,True
truncate_context,both,0.3,pooled,True,True
truncate_context,both,0.3,per_tenant,True,True
truncate_context,both,0.3,ours,True,True
truncate_context,both,0.3,ours_shift_flag,True,True
truncate_context,both,0.3,ours_input,True,True
truncate_context,both,0.3,pooled,True,True
truncate_context,both,0.3,per_tenant,True,True
truncate_context,both,0.3,ours,True,True
truncate_context,both,0.3,ours_shift_flag,True,True
truncate_context,both,0.3,ours_input,True,True
truncate_context,both,0.3,pooled,True,True
truncate_context,both,0.3,per_tenant,True,True
truncate_context,both,0.3,ours,True,True
truncate_context,both,0.3,ours_shift_flag,True,True
truncate_context,both,0.3,ours_input,True,True
truncate_context,both,0.3,pooled,True,True
truncate_context,both,0.3,per_tenant,True,True
truncate_context,both,0.3,ours,True,True
truncate_context,both,0.3,ours_shift_flag,True,True
truncate_context,both,0.3,ours_input,False,False
truncate_context,both,0.3,pooled,True,True
truncate_context,both,0.3,per_tenant,True,True
truncate_context,both,0.3,ours,True,True
truncate_context,both,0.3,ours_shift_flag,True,True
truncate_context,both,0.3,ours_input,True,True
truncate_context,both,0.3,pooled,True,True
truncate_context,both,0.3,per_tenant,True,True
truncate_context,both,0.3,ours,True,True
truncate_context,both,0.3,ours_shift_flag,True,True
truncate_context,both,0.3,ours_input,True,True
truncate_context,both,0.3,pooled,True,True
truncate_context,both,0.3,per_tenant,True,True
truncate_context,both,0.3,ours,True,True
truncate_context,both,0.3,ours_shift_flag,True,True
truncate_context,both,0.3,ours_input,True,True
truncate_context,both,0.3,pooled,True,True
truncate_context,both,0.3,per_tenant,True,True
truncate_context,both,0.3,ours,True,True
truncate_context,both,0.3,ours_shift_flag,True,True
truncate_context,both,0.3,ours_input,True,True
truncate_context,both,0.3,pooled,True,True
truncate_context,both,0.3,per_tenant,True,True
truncate_context,both,0.3,ours,True,True
truncate_context,both,0.3,ours_shift_flag,True,True
truncate_context,both,0.3,ours_input,True,True
truncate_context,both,0.3,pooled,True,True
truncate_context,both,0.3,per_tenant,True,True
truncate_context,both,0.3,ours,True,True
truncate_context,both,0.3,ours_shift_flag,True,True
truncate_context,both,0.3,ours_input,True,True
truncate_context,both,0.3,pooled,True,True
truncate_context,both,0.3,per_tenant,True,True
truncate_context,both,0.3,ours,True,True
truncate_context,both,0.3,ours_shift_flag,True,True
truncate_context,both,0.3,ours_input,True,True
truncate_context,both,0.3,pooled,True,True
truncate_context,both,0.3,per_tenant,True,True
truncate_context,both,0.3,ours,True,True
truncate_context,both,0.3,ours_shift_flag,True,True
truncate_context,both,0.3,ours_input,True,True
truncate_context,both,0.3,pooled,True,True
truncate_context,both,0.3,per_tenant,True,True
truncate_context,both,0.3,ours,True,True
truncate_context,both,0.3,ours_shift_flag,True,True
truncate_context,both,0.3,ours_input,True,True
truncate_context,both,0.3,pooled,True,True
truncate_context,both,0.3,per_tenant,True,True
truncate_context,both,0.3,ours,True,True
truncate_context,both,0.3,ours_shift_flag,True,True
truncate_context,both,0.3,ours_input,True,True
truncate_context,both,0.3,pooled,True,True
truncate_context,both,0.3,per_tenant,True,True
truncate_context,both,0.3,ours,True,True
truncate_context,both,0.3,ours_shift_flag,True,True
truncate_context,both,0.3,ours_input,True,True
truncate_context,both,0.3,pooled,True,True
truncate_context,both,0.3,per_tenant,True,True
truncate_context,both,0.3,ours,True,True
truncate_context,both,0.3,ours_shift_flag,True,True
truncate_context,both,0.3,ours_input,True,True
truncate_context,both,0.3,pooled,True,True
truncate_context,both,0.3,per_tenant,True,True
truncate_context,both,0.3,ours,True,True
truncate_context,both,0.3,ours_shift_flag,True,True
truncate_context,both,0.3,ours_input,True,True
truncate_context,both,0.3,pooled,True,True
truncate_context,both,0.3,per_tenant,True,True
truncate_context,both,0.3,ours,True,True
truncate_context,both,0.3,ours_shift_flag,True,True
truncate_context,both,0.3,ours_input,True,True
truncate_context,both,0.3,pooled,True,True
truncate_context,both,0.3,per_tenant,True,True
truncate_context,both,0.3,ours,True,True
truncate_context,both,0.3,ours_shift_flag,True,True
truncate_context,both,0.3,ours_input,True,True
truncate_context,both,0.3,pooled,True,True
truncate_context,both,0.3,per_tenant,True,True
truncate_context,both,0.3,ours,True,True
truncate_context,both,0.3,ours_shift_flag,True,True
truncate_context,both,0.3,ours_input,True,True
truncate_context,both,0.3,pooled,True,True
truncate_context,both,0.3,per_tenant,True,True
truncate_context,both,0.3,ours,True,True
truncate_context,both,0.3,ours_shift_flag,True,True
truncate_context,both,0.3,ours_input,True,True
truncate_context,both,0.3,pooled,True,True
truncate_context,both,0.3,per_tenant,True,True
truncate_context,both,0.3,ours,True,True
truncate_context,both,0.3,ours_shift_flag,True,True
truncate_context,both,0.3,ours_input,True,True
truncate_context,both,0.3,pooled,True,True
truncate_context,both,0.3,per_tenant,True,True
truncate_context,both,0.3,ours,True,True
truncate_context,both,0.3,ours_shift_flag,True,True
truncate_context,both,0.3,ours_input,True,True
truncate_context,both,0.3,pooled,True,True
truncate_context,both,0.3,per_tenant,True,True
truncate_context,both,0.3,ours,True,True
truncate_context,both,0.3,ours_shift_flag,True,True
truncate_context,both,0.3,ours_input,True,True
truncate_context,both,0.3,pooled,True,True
truncate_context,both,0.3,per_tenant,True,True
truncate_context,both,0.3,ours,True,True
truncate_context,both,0.3,ours_shift_flag,True,True
truncate_context,both,0.3,ours_input,True,True
truncate_context,both,0.3,pooled,True,True
truncate_context,both,0.3,per_tenant,True,True
truncate_context,both,0.3,ours,True,True
truncate_context,both,0.3,ours_shift_flag,True,True
truncate_context,both,0.3,ours_input,False,False
truncate_context,both,0.3,pooled,True,True
truncate_context,both,0.3,per_tenant,True,True
truncate_context,both,0.3,ours,True,True
truncate_context,both,0.3,ours_shift_flag,True,True
truncate_context,both,0.3,ours_input,True,True
truncate_context,both,0.3,pooled,True,True
truncate_context,both,0.3,per_tenant,True,True
truncate_context,both,0.3,ours,True,True
truncate_context,both,0.3,ours_shift_flag,True,True
truncate_context,both,0.3,ours_input,True,True
truncate_context,both,0.3,pooled,True,True
truncate_context,both,0.3,per_tenant,True,True
truncate_context,both,0.3,ours,True,True
truncate_context,both,0.3,ours_shift_flag,True,True
truncate_context,both,0.3,ours_input,True,True
truncate_context,both,0.3,pooled,True,True
truncate_context,both,0.3,per_tenant,True,True
truncate_context,both,0.3,ours,True,True
truncate_context,both,0.3,ours_shift_flag,True,True
truncate_context,both,0.3,ours_input,True,True
truncate_context,both,0.3,pooled,True,True
truncate_context,both,0.3,per_tenant,True,True
truncate_context,both,0.3,ours,True,True
truncate_context,both,0.3,ours_shift_flag,True,True
truncate_context,both,0.3,ours_input,True,True
truncate_context,both,0.3,pooled,True,True
truncate_context,both,0.3,per_tenant,True,True
truncate_context,both,0.3,ours,True,True
truncate_context,both,0.3,ours_shift_flag,True,True
truncate_context,both,0.3,ours_input,True,True
truncate_context,both,0.3,pooled,True,True
truncate_context,both,0.3,per_tenant,True,True
truncate_context,both,0.3,ours,True,True
truncate_context,both,0.3,ours_shift_flag,True,True
truncate_context,both,0.3,ours_input,True,True
truncate_context,both,0.3,pooled,True,True
truncate_context,both,0.3,per_tenant,True,True
truncate_context,both,0.3,ours,True,True
truncate_context,both,0.3,ours_shift_flag,True,True
truncate_context,both,0.3,ours_input,True,True
truncate_context,both,0.3,pooled,True,True
truncate_context,both,0.3,per_tenant,True,True
truncate_context,both,0.3,ours,True,True
truncate_context,both,0.3,ours_shift_flag,True,True
truncate_context,both,0.3,ours_input,True,True
truncate_context,both,0.3,pooled,True,True
truncate_context,both,0.3,per_tenant,True,True
truncate_context,both,0.3,ours,True,True
truncate_context,both,0.3,ours_shift_flag,True,True
truncate_context,both,0.3,ours_input,True,True
truncate_context,both,0.3,pooled,True,True
truncate_context,both,0.3,per_tenant,True,True
truncate_context,both,0.3,ours,True,True
truncate_context,both,0.3,ours_shift_flag,True,True
truncate_context,both,0.3,ours_input,True,True
truncate_context,both,0.3,pooled,True,True
truncate_context,both,0.3,per_tenant,True,True
truncate_context,both,0.3,ours,True,True
truncate_context,both,0.3,ours_shift_flag,True,True
truncate_context,both,0.3,ours_input,True,True
truncate_context,both,0.3,pooled,True,True
truncate_context,both,0.3,per_tenant,True,True
truncate_context,both,0.3,ours,True,True
truncate_context,both,0.3,ours_shift_flag,True,True
truncate_context,both,0.3,ours_input,True,True
truncate_context,both,0.3,pooled,True,True
truncate_context,both,0.3,per_tenant,True,True
truncate_context,both,0.3,ours,True,True
truncate_context,both,0.3,ours_shift_flag,True,True
truncate_context,both,0.3,ours_input,True,True
truncate_context,both,0.3,pooled,True,True
truncate_context,both,0.3,per_tenant,True,True
truncate_context,both,0.3,ours,True,True
truncate_context,both,0.3,ours_shift_flag,True,True
truncate_context,both,0.3,ours_input,True,True
truncate_context,both,0.3,pooled,True,True
truncate_context,both,0.3,per_tenant,True,True
truncate_context,both,0.3,ours,True,True
truncate_context,both,0.3,ours_shift_flag,True,True
truncate_context,both,0.3,ours_input,True,True
truncate_context,both,0.3,pooled,True,True
truncate_context,both,0.3,per_tenant,True,True
truncate_context,both,0.3,ours,True,True
truncate_context,both,0.3,ours_shift_flag,True,True
truncate_context,both,0.3,ours_input,False,False
truncate_context,both,0.3,pooled,True,True
truncate_context,both,0.3,per_tenant,True,True
truncate_context,both,0.3,ours,True,True
truncate_context,both,0.3,ours_shift_flag,True,True
truncate_context,both,0.3,ours_input,True,True
truncate_context,both,0.3,pooled,True,True
truncate_context,both,0.3,per_tenant,True,True
truncate_context,both,0.3,ours,True,True
truncate_context,both,0.3,ours_shift_flag,True,True
truncate_context,both,0.3,ours_input,False,False
truncate_context,both,0.3,pooled,True,True
truncate_context,both,0.3,per_tenant,True,True
truncate_context,both,0.3,ours,True,True
truncate_context,both,0.3,ours_shift_flag,True,True
truncate_context,both,0.3,ours_input,True,True
truncate_context,both,0.3,pooled,True,True
truncate_context,both,0.3,per_tenant,True,True
truncate_context,both,0.3,ours,True,True
truncate_context,both,0.3,ours_shift_flag,True,True
truncate_context,both,0.3,ours_input,True,True
truncate_context,both,0.3,pooled,True,True
truncate_context,both,0.3,per_tenant,True,True
truncate_context,both,0.3,ours,True,True
truncate_context,both,0.3,ours_shift_flag,True,True
truncate_context,both,0.3,ours_input,True,True
truncate_context,both,0.3,pooled,True,True
truncate_context,both,0.3,per_tenant,True,True
truncate_context,both,0.3,ours,True,True
truncate_context,both,0.3,ours_shift_flag,True,True
truncate_context,both,0.3,ours_input,True,True
truncate_context,both,0.3,pooled,True,True
truncate_context,both,0.3,per_tenant,True,True
truncate_context,both,0.3,ours,True,True
truncate_context,both,0.3,ours_shift_flag,True,True
truncate_context,both,0.3,ours_input,True,True
truncate_context,both,0.3,pooled,True,True
truncate_context,both,0.3,per_tenant,True,True
truncate_context,both,0.3,ours,True,True
truncate_context,both,0.3,ours_shift_flag,True,True
truncate_context,both,0.3,ours_input,True,True
truncate_context,both,0.3,pooled,True,True
truncate_context,both,0.3,per_tenant,True,True
truncate_context,both,0.3,ours,True,True
truncate_context,both,0.3,ours_shift_flag,True,True
truncate_context,both,0.3,ours_input,True,True
truncate_context,both,0.3,pooled,True,True
truncate_context,both,0.3,per_tenant,True,True
truncate_context,both,0.3,ours,True,True
truncate_context,both,0.3,ours_shift_flag,True,True
truncate_context,both,0.3,ours_input,True,True
truncate_context,both,0.3,pooled,True,True
truncate_context,both,0.3,per_tenant,True,True
truncate_context,both,0.3,ours,True,True
truncate_context,both,0.3,ours_shift_flag,True,True
truncate_context,both,0.3,ours_input,True,True
truncate_context,both,0.3,pooled,True,True
truncate_context,both,0.3,per_tenant,True,True
truncate_context,both,0.3,ours,True,True
truncate_context,both,0.3,ours_shift_flag,True,True
truncate_context,both,0.3,ours_input,True,True
truncate_context,both,0.3,pooled,True,True
truncate_context,both,0.3,per_tenant,True,True
truncate_context,both,0.3,ours,True,True
truncate_context,both,0.3,ours_shift_flag,True,True
truncate_context,both,0.3,ours_input,True,True
truncate_context,none,1.0,pooled,False,True
truncate_context,none,1.0,per_tenant,False,True
truncate_context,none,1.0,ours,False,True
truncate_context,none,1.0,ours_shift_flag,False,True
truncate_context,none,1.0,ours_input,False,True
truncate_context,none,1.0,pooled,False,True
truncate_context,none,1.0,per_tenant,False,True
truncate_context,none,1.0,ours,False,True
truncate_context,none,1.0,ours_shift_flag,False,True
truncate_context,none,1.0,ours_input,False,True
truncate_context,none,1.0,pooled,False,True
truncate_context,none,1.0,per_tenant,False,True
truncate_context,none,1.0,ours,False,True
truncate_context,none,1.0,ours_shift_flag,False,True
truncate_context,none,1.0,ours_input,False,True
truncate_context,none,1.0,pooled,False,True
truncate_context,none,1.0,per_tenant,False,True
truncate_context,none,1.0,ours,False,True
truncate_context,none,1.0,ours_shift_flag,False,True
truncate_context,none,1.0,ours_input,False,True
truncate_context,none,1.0,pooled,False,True
truncate_context,none,1.0,per_tenant,False,True
truncate_context,none,1.0,ours,False,True
truncate_context,none,1.0,ours_shift_flag,False,True
truncate_context,none,1.0,ours_input,False,True
truncate_context,none,1.0,pooled,False,True
truncate_context,none,1.0,per_tenant,False,True
truncate_context,none,1.0,ours,False,True
truncate_context,none,1.0,ours_shift_flag,False,True
truncate_context,none,1.0,ours_input,False,True
truncate_context,none,1.0,pooled,False,True
truncate_context,none,1.0,per_tenant,False,True
truncate_context,none,1.0,ours,False,True
truncate_context,none,1.0,ours_shift_flag,False,True
truncate_context,none,1.0,ours_input,False,True
truncate_context,none,1.0,pooled,False,True
truncate_context,none,1.0,per_tenant,False,True
truncate_context,none,1.0,ours,False,True
truncate_context,none,1.0,ours_shift_flag,False,True
truncate_context,none,1.0,ours_input,False,True
truncate_context,none,1.0,pooled,False,True
truncate_context,none,1.0,per_tenant,False,True
truncate_context,none,1.0,ours,False,True
truncate_context,none,1.0,ours_shift_flag,False,True
truncate_context,none,1.0,ours_input,False,True
truncate_context,none,1.0,pooled,False,True
truncate_context,none,1.0,per_tenant,False,True
truncate_context,none,1.0,ours,False,True
truncate_context,none,1.0,ours_shift_flag,False,True
truncate_context,none,1.0,ours_input,False,True
truncate_context,none,1.0,pooled,False,True
truncate_context,none,1.0,per_tenant,False,True
truncate_context,none,1.0,ours,False,True
truncate_context,none,1.0,ours_shift_flag,False,True
truncate_context,none,1.0,ours_input,False,True
truncate_context,none,1.0,pooled,False,True
truncate_context,none,1.0,per_tenant,False,True
truncate_context,none,1.0,ours,False,True
truncate_context,none,1.0,ours_shift_flag,False,True
truncate_context,none,1.0,ours_input,False,True
truncate_context,none,1.0,pooled,False,True
truncate_context,none,1.0,per_tenant,False,True
truncate_context,none,1.0,ours,False,True
truncate_context,none,1.0,ours_shift_flag,False,True
truncate_context,none,1.0,ours_input,False,True
truncate_context,none,1.0,pooled,False,True
truncate_context,none,1.0,per_tenant,False,True
truncate_context,none,1.0,ours,False,True
truncate_context,none,1.0,ours_shift_flag,False,True
truncate_context,none,1.0,ours_input,False,True
truncate_context,none,1.0,pooled,False,True
truncate_context,none,1.0,per_tenant,False,True
truncate_context,none,1.0,ours,False,True
truncate_context,none,1.0,ours_shift_flag,False,True
truncate_context,none,1.0,ours_input,False,True
truncate_context,none,1.0,pooled,False,True
truncate_context,none,1.0,per_tenant,False,True
truncate_context,none,1.0,ours,False,True
truncate_context,none,1.0,ours_shift_flag,False,True
truncate_context,none,1.0,ours_input,False,True
truncate_context,none,1.0,pooled,False,True
truncate_context,none,1.0,per_tenant,False,True
truncate_context,none,1.0,ours,False,True
truncate_context,none,1.0,ours_shift_flag,False,True
truncate_context,none,1.0,ours_input,False,True
truncate_context,none,1.0,pooled,False,True
truncate_context,none,1.0,per_tenant,False,True
truncate_context,none,1.0,ours,False,True
truncate_context,none,1.0,ours_shift_flag,False,True
truncate_context,none,1.0,ours_input,False,True
truncate_context,none,1.0,pooled,False,True
truncate_context,none,1.0,per_tenant,False,True
truncate_context,none,1.0,ours,False,True
truncate_context,none,1.0,ours_shift_flag,False,True
truncate_context,none,1.0,ours_input,False,True
truncate_context,none,1.0,pooled,False,True
truncate_context,none,1.0,per_tenant,False,True
truncate_context,none,1.0,ours,False,True
truncate_context,none,1.0,ours_shift_flag,False,True
truncate_context,none,1.0,ours_input,False,True
truncate_context,none,1.0,pooled,False,True
truncate_context,none,1.0,per_tenant,False,True
truncate_context,none,1.0,ours,False,True
truncate_context,none,1.0,ours_shift_flag,False,True
truncate_context,none,1.0,ours_input,False,True
truncate_context,none,1.0,pooled,False,True
truncate_context,none,1.0,per_tenant,False,True
truncate_context,none,1.0,ours,False,True
truncate_context,none,1.0,ours_shift_flag,False,True
truncate_context,none,1.0,ours_input,False,True
truncate_context,none,1.0,pooled,False,True
truncate_context,none,1.0,per_tenant,False,True
truncate_context,none,1.0,ours,False,True
truncate_context,none,1.0,ours_shift_flag,False,True
truncate_context,none,1.0,ours_input,False,True
truncate_context,none,1.0,pooled,False,True
truncate_context,none,1.0,per_tenant,False,True
truncate_context,none,1.0,ours,False,True
truncate_context,none,1.0,ours_shift_flag,False,True
truncate_context,none,1.0,ours_input,False,True
truncate_context,none,1.0,pooled,False,True
truncate_context,none,1.0,per_tenant,False,True
truncate_context,none,1.0,ours,False,True
truncate_context,none,1.0,ours_shift_flag,False,True
truncate_context,none,1.0,ours_input,False,True
truncate_context,none,1.0,pooled,False,True
truncate_context,none,1.0,per_tenant,False,True
truncate_context,none,1.0,ours,False,True
truncate_context,none,1.0,ours_shift_flag,False,True
truncate_context,none,1.0,ours_input,False,True
truncate_context,none,1.0,pooled,False,True
truncate_context,none,1.0,per_tenant,False,True
truncate_context,none,1.0,ours,False,True
truncate_context,none,1.0,ours_shift_flag,False,True
truncate_context,none,1.0,ours_input,False,True
truncate_context,none,1.0,pooled,False,True
truncate_context,none,1.0,per_tenant,False,True
truncate_context,none,1.0,ours,False,True
truncate_context,none,1.0,ours_shift_flag,False,True
truncate_context,none,1.0,ours_input,False,True
truncate_context,none,1.0,pooled,False,True
truncate_context,none,1.0,per_tenant,False,True
truncate_context,none,1.0,ours,False,True
truncate_context,none,1.0,ours_shift_flag,False,True
truncate_context,none,1.0,ours_input,False,True
truncate_context,none,1.0,pooled,False,True
truncate_context,none,1.0,per_tenant,False,True
truncate_context,none,1.0,ours,False,True
truncate_context,none,1.0,ours_shift_flag,False,True
truncate_context,none,1.0,ours_input,False,True
truncate_context,none,1.0,pooled,False,True
truncate_context,none,1.0,per_tenant,False,True
truncate_context,none,1.0,ours,False,True
truncate_context,none,1.0,ours_shift_flag,False,True
truncate_context,none,1.0,ours_input,False,True
truncate_context,none,1.0,pooled,False,True
truncate_context,none,1.0,per_tenant,False,True
truncate_context,none,1.0,ours,False,True
truncate_context,none,1.0,ours_shift_flag,False,True
truncate_context,none,1.0,ours_input,False,True
truncate_context,none,1.0,pooled,False,True
truncate_context,none,1.0,per_tenant,False,True
truncate_context,none,1.0,ours,False,True
truncate_context,none,1.0,ours_shift_flag,False,True
truncate_context,none,1.0,ours_input,False,True
truncate_context,none,1.0,pooled,False,True
truncate_context,none,1.0,per_tenant,False,True
truncate_context,none,1.0,ours,False,True
truncate_context,none,1.0,ours_shift_flag,False,True
truncate_context,none,1.0,ours_input,False,True
truncate_context,none,1.0,pooled,False,True
truncate_context,none,1.0,per_tenant,False,True
truncate_context,none,1.0,ours,False,True
truncate_context,none,1.0,ours_shift_flag,False,True
truncate_context,none,1.0,ours_input,False,True
truncate_context,none,1.0,pooled,False,True
truncate_context,none,1.0,per_tenant,False,True
truncate_context,none,1.0,ours,False,True
truncate_context,none,1.0,ours_shift_flag,False,True
truncate_context,none,1.0,ours_input,False,True
truncate_context,none,1.0,pooled,False,True
truncate_context,none,1.0,per_tenant,False,True
truncate_context,none,1.0,ours,False,True
truncate_context,none,1.0,ours_shift_flag,False,True
truncate_context,none,1.0,ours_input,False,True
truncate_context,none,1.0,pooled,False,True
truncate_context,none,1.0,per_tenant,False,True
truncate_context,none,1.0,ours,False,True
truncate_context,none,1.0,ours_shift_flag,False,True
truncate_context,none,1.0,ours_input,False,True
truncate_context,none,1.0,pooled,False,True
truncate_context,none,1.0,per_tenant,False,True
truncate_context,none,1.0,ours,False,True
truncate_context,none,1.0,ours_shift_flag,False,True
truncate_context,none,1.0,ours_input,False,True
truncate_context,none,1.0,pooled,False,True
truncate_context,none,1.0,per_tenant,False,True
truncate_context,none,1.0,ours,False,True
truncate_context,none,1.0,ours_shift_flag,False,True
truncate_context,none,1.0,ours_input,False,True
truncate_context,none,1.0,pooled,False,True
truncate_context,none,1.0,per_tenant,False,True
truncate_context,none,1.0,ours,False,True
truncate_context,none,1.0,ours_shift_flag,False,True
truncate_context,none,1.0,ours_input,False,True
truncate_context,none,1.0,pooled,False,True
truncate_context,none,1.0,per_tenant,False,True
truncate_context,none,1.0,ours,False,True
truncate_context,none,1.0,ours_shift_flag,False,True
truncate_context,none,1.0,ours_input,False,True
truncate_context,none,1.0,pooled,False,True
truncate_context,none,1.0,per_tenant,False,True
truncate_context,none,1.0,ours,False,True
truncate_context,none,1.0,ours_shift_flag,False,True
truncate_context,none,1.0,ours_input,False,True
truncate_context,none,1.0,pooled,False,True
truncate_context,none,1.0,per_tenant,False,True
truncate_context,none,1.0,ours,False,True
truncate_context,none,1.0,ours_shift_flag,False,True
truncate_context,none,1.0,ours_input,False,True
truncate_context,none,1.0,pooled,False,True
truncate_context,none,1.0,per_tenant,False,True
truncate_context,none,1.0,ours,False,True
truncate_context,none,1.0,ours_shift_flag,False,True
truncate_context,none,1.0,ours_input,False,True
truncate_context,none,1.0,pooled,False,True
truncate_context,none,1.0,per_tenant,False,True
truncate_context,none,1.0,ours,False,True
truncate_context,none,1.0,ours_shift_flag,False,True
truncate_context,none,1.0,ours_input,False,True
truncate_context,none,1.0,pooled,False,True
truncate_context,none,1.0,per_tenant,False,True
truncate_context,none,1.0,ours,False,True
truncate_context,none,1.0,ours_shift_flag,False,True
truncate_context,none,1.0,ours_input,False,True
truncate_context,none,1.0,pooled,False,True
truncate_context,none,1.0,per_tenant,False,True
truncate_context,none,1.0,ours,False,True
truncate_context,none,1.0,ours_shift_flag,False,True
truncate_context,none,1.0,ours_input,False,True
truncate_context,none,1.0,pooled,False,True
truncate_context,none,1.0,per_tenant,False,True
truncate_context,none,1.0,ours,False,True
truncate_context,none,1.0,ours_shift_flag,False,True
truncate_context,none,1.0,ours_input,False,True
truncate_context,none,1.0,pooled,False,True
truncate_context,none,1.0,per_tenant,False,True
truncate_context,none,1.0,ours,False,True
truncate_context,none,1.0,ours_shift_flag,False,True
truncate_context,none,1.0,ours_input,False,True
truncate_context,none,1.0,pooled,False,True
truncate_context,none,1.0,per_tenant,False,True
truncate_context,none,1.0,ours,False,True
truncate_context,none,1.0,ours_shift_flag,False,True
truncate_context,none,1.0,ours_input,False,True
truncate_context,none,1.0,pooled,False,True
truncate_context,none,1.0,per_tenant,False,True
truncate_context,none,1.0,ours,False,True
truncate_context,none,1.0,ours_shift_flag,False,True
truncate_context,none,1.0,ours_input,False,True
truncate_context,none,1.0,pooled,False,True
truncate_context,none,1.0,per_tenant,False,True
truncate_context,none,1.0,ours,False,True
truncate_context,none,1.0,ours_shift_flag,False,True
truncate_context,none,1.0,ours_input,False,True
truncate_context,none,1.0,pooled,False,True
truncate_context,none,1.0,per_tenant,False,True
truncate_context,none,1.0,ours,False,True
truncate_context,none,1.0,ours_shift_flag,False,True
truncate_context,none,1.0,ours_input,False,True
truncate_context,none,1.0,pooled,False,True
truncate_context,none,1.0,per_tenant,False,True
truncate_context,none,1.0,ours,False,True
truncate_context,none,1.0,ours_shift_flag,False,True
truncate_context,none,1.0,ours_input,False,True
truncate_context,none,1.0,pooled,False,True
truncate_context,none,1.0,per_tenant,False,True
truncate_context,none,1.0,ours,False,True
truncate_context,none,1.0,ours_shift_flag,False,True
truncate_context,none,1.0,ours_input,False,True
truncate_context,none,1.0,pooled,False,True
truncate_context,none,1.0,per_tenant,False,True
truncate_context,none,1.0,ours,False,True
truncate_context,none,1.0,ours_shift_flag,False,True
truncate_context,none,1.0,ours_input,False,True
truncate_context,none,1.0,pooled,False,True
truncate_context,none,1.0,per_tenant,False,True
truncate_context,none,1.0,ours,False,True
truncate_context,none,1.0,ours_shift_flag,False,True
truncate_context,none,1.0,ours_input,False,True
truncate_context,none,1.0,pooled,False,True
truncate_context,none,1.0,per_tenant,False,True
truncate_context,none,1.0,ours,False,True
truncate_context,none,1.0,ours_shift_flag,False,True
truncate_context,none,1.0,ours_input,False,True
truncate_context,none,1.0,pooled,False,True
truncate_context,none,1.0,per_tenant,False,True
truncate_context,none,1.0,ours,False,True
truncate_context,none,1.0,ours_shift_flag,False,True
truncate_context,none,1.0,ours_input,False,True
truncate_context,provider_fault,1.0,pooled,True,True
truncate_context,provider_fault,1.0,per_tenant,True,True
truncate_context,provider_fault,1.0,ours,True,True
truncate_context,provider_fault,1.0,ours_shift_flag,False,True
truncate_context,provider_fault,1.0,ours_input,True,True
truncate_context,provider_fault,1.0,pooled,True,True
truncate_context,provider_fault,1.0,per_tenant,True,True
truncate_context,provider_fault,1.0,ours,True,True
truncate_context,provider_fault,1.0,ours_shift_flag,False,True
truncate_context,provider_fault,1.0,ours_input,True,True
truncate_context,provider_fault,1.0,pooled,True,True
truncate_context,provider_fault,1.0,per_tenant,True,True
truncate_context,provider_fault,1.0,ours,True,True
truncate_context,provider_fault,1.0,ours_shift_flag,False,True
truncate_context,provider_fault,1.0,ours_input,True,True
truncate_context,provider_fault,1.0,pooled,True,True
truncate_context,provider_fault,1.0,per_tenant,True,True
truncate_context,provider_fault,1.0,ours,True,True
truncate_context,provider_fault,1.0,ours_shift_flag,False,True
truncate_context,provider_fault,1.0,ours_input,True,True
truncate_context,provider_fault,1.0,pooled,True,True
truncate_context,provider_fault,1.0,per_tenant,True,True
truncate_context,provider_fault,1.0,ours,True,True
truncate_context,provider_fault,1.0,ours_shift_flag,False,True
truncate_context,provider_fault,1.0,ours_input,True,True
truncate_context,provider_fault,1.0,pooled,True,True
truncate_context,provider_fault,1.0,per_tenant,True,True
truncate_context,provider_fault,1.0,ours,True,True
truncate_context,provider_fault,1.0,ours_shift_flag,False,True
truncate_context,provider_fault,1.0,ours_input,True,True
truncate_context,provider_fault,1.0,pooled,True,True
truncate_context,provider_fault,1.0,per_tenant,True,True
truncate_context,provider_fault,1.0,ours,True,True
truncate_context,provider_fault,1.0,ours_shift_flag,False,True
truncate_context,provider_fault,1.0,ours_input,True,True
truncate_context,provider_fault,1.0,pooled,True,True
truncate_context,provider_fault,1.0,per_tenant,True,True
truncate_context,provider_fault,1.0,ours,True,True
truncate_context,provider_fault,1.0,ours_shift_flag,False,True
truncate_context,provider_fault,1.0,ours_input,True,True
truncate_context,provider_fault,1.0,pooled,True,True
truncate_context,provider_fault,1.0,per_tenant,True,True
truncate_context,provider_fault,1.0,ours,True,True
truncate_context,provider_fault,1.0,ours_shift_flag,False,True
truncate_context,provider_fault,1.0,ours_input,True,True
truncate_context,provider_fault,1.0,pooled,True,True
truncate_context,provider_fault,1.0,per_tenant,True,True
truncate_context,provider_fault,1.0,ours,True,True
truncate_context,provider_fault,1.0,ours_shift_flag,False,True
truncate_context,provider_fault,1.0,ours_input,True,True
truncate_context,provider_fault,1.0,pooled,True,True
truncate_context,provider_fault,1.0,per_tenant,True,True
truncate_context,provider_fault,1.0,ours,True,True
truncate_context,provider_fault,1.0,ours_shift_flag,False,True
truncate_context,provider_fault,1.0,ours_input,True,True
truncate_context,provider_fault,1.0,pooled,True,True
truncate_context,provider_fault,1.0,per_tenant,True,True
truncate_context,provider_fault,1.0,ours,True,True
truncate_context,provider_fault,1.0,ours_shift_flag,False,True
truncate_context,provider_fault,1.0,ours_input,True,True
truncate_context,provider_fault,1.0,pooled,True,True
truncate_context,provider_fault,1.0,per_tenant,True,True
truncate_context,provider_fault,1.0,ours,True,True
truncate_context,provider_fault,1.0,ours_shift_flag,False,True
truncate_context,provider_fault,1.0,ours_input,True,True
truncate_context,provider_fault,1.0,pooled,True,True
truncate_context,provider_fault,1.0,per_tenant,True,True
truncate_context,provider_fault,1.0,ours,True,True
truncate_context,provider_fault,1.0,ours_shift_flag,False,True
truncate_context,provider_fault,1.0,ours_input,True,True
truncate_context,provider_fault,1.0,pooled,True,True
truncate_context,provider_fault,1.0,per_tenant,True,True
truncate_context,provider_fault,1.0,ours,True,True
truncate_context,provider_fault,1.0,ours_shift_flag,False,True
truncate_context,provider_fault,1.0,ours_input,True,True
truncate_context,provider_fault,1.0,pooled,True,True
truncate_context,provider_fault,1.0,per_tenant,True,True
truncate_context,provider_fault,1.0,ours,True,True
truncate_context,provider_fault,1.0,ours_shift_flag,False,True
truncate_context,provider_fault,1.0,ours_input,True,True
truncate_context,provider_fault,1.0,pooled,True,True
truncate_context,provider_fault,1.0,per_tenant,True,True
truncate_context,provider_fault,1.0,ours,True,True
truncate_context,provider_fault,1.0,ours_shift_flag,False,True
truncate_context,provider_fault,1.0,ours_input,True,True
truncate_context,provider_fault,1.0,pooled,True,True
truncate_context,provider_fault,1.0,per_tenant,True,True
truncate_context,provider_fault,1.0,ours,True,True
truncate_context,provider_fault,1.0,ours_shift_flag,False,True
truncate_context,provider_fault,1.0,ours_input,True,True
truncate_context,provider_fault,1.0,pooled,True,True
truncate_context,provider_fault,1.0,per_tenant,True,True
truncate_context,provider_fault,1.0,ours,True,True
truncate_context,provider_fault,1.0,ours_shift_flag,False,True
truncate_context,provider_fault,1.0,ours_input,True,True
truncate_context,provider_fault,1.0,pooled,True,True
truncate_context,provider_fault,1.0,per_tenant,True,True
truncate_context,provider_fault,1.0,ours,True,True
truncate_context,provider_fault,1.0,ours_shift_flag,False,True
truncate_context,provider_fault,1.0,ours_input,True,True
truncate_context,provider_fault,1.0,pooled,True,True
truncate_context,provider_fault,1.0,per_tenant,True,True
truncate_context,provider_fault,1.0,ours,True,True
truncate_context,provider_fault,1.0,ours_shift_flag,False,True
truncate_context,provider_fault,1.0,ours_input,True,True
truncate_context,provider_fault,1.0,pooled,True,True
truncate_context,provider_fault,1.0,per_tenant,True,True
truncate_context,provider_fault,1.0,ours,True,True
truncate_context,provider_fault,1.0,ours_shift_flag,False,True
truncate_context,provider_fault,1.0,ours_input,True,True
truncate_context,provider_fault,1.0,pooled,True,True
truncate_context,provider_fault,1.0,per_tenant,True,True
truncate_context,provider_fault,1.0,ours,True,True
truncate_context,provider_fault,1.0,ours_shift_flag,False,True
truncate_context,provider_fault,1.0,ours_input,True,True
truncate_context,provider_fault,1.0,pooled,True,True
truncate_context,provider_fault,1.0,per_tenant,True,True
truncate_context,provider_fault,1.0,ours,True,True
truncate_context,provider_fault,1.0,ours_shift_flag,False,True
truncate_context,provider_fault,1.0,ours_input,True,True
truncate_context,provider_fault,1.0,pooled,True,True
truncate_context,provider_fault,1.0,per_tenant,True,True
truncate_context,provider_fault,1.0,ours,True,True
truncate_context,provider_fault,1.0,ours_shift_flag,False,True
truncate_context,provider_fault,1.0,ours_input,True,True
truncate_context,provider_fault,1.0,pooled,True,True
truncate_context,provider_fault,1.0,per_tenant,True,True
truncate_context,provider_fault,1.0,ours,True,True
truncate_context,provider_fault,1.0,ours_shift_flag,False,True
truncate_context,provider_fault,1.0,ours_input,True,True
truncate_context,provider_fault,1.0,pooled,True,True
truncate_context,provider_fault,1.0,per_tenant,True,True
truncate_context,provider_fault,1.0,ours,True,True
truncate_context,provider_fault,1.0,ours_shift_flag,False,True
truncate_context,provider_fault,1.0,ours_input,True,True
truncate_context,provider_fault,1.0,pooled,True,True
truncate_context,provider_fault,1.0,per_tenant,True,True
truncate_context,provider_fault,1.0,ours,True,True
truncate_context,provider_fault,1.0,ours_shift_flag,False,True
truncate_context,provider_fault,1.0,ours_input,True,True
truncate_context,provider_fault,1.0,pooled,True,True
truncate_context,provider_fault,1.0,per_tenant,True,True
truncate_context,provider_fault,1.0,ours,True,True
truncate_context,provider_fault,1.0,ours_shift_flag,False,True
truncate_context,provider_fault,1.0,ours_input,True,True
truncate_context,provider_fault,1.0,pooled,True,True
truncate_context,provider_fault,1.0,per_tenant,True,True
truncate_context,provider_fault,1.0,ours,True,True
truncate_context,provider_fault,1.0,ours_shift_flag,False,True
truncate_context,provider_fault,1.0,ours_input,True,True
truncate_context,provider_fault,1.0,pooled,True,True
truncate_context,provider_fault,1.0,per_tenant,True,True
truncate_context,provider_fault,1.0,ours,True,True
truncate_context,provider_fault,1.0,ours_shift_flag,False,True
truncate_context,provider_fault,1.0,ours_input,True,True
truncate_context,provider_fault,1.0,pooled,True,True
truncate_context,provider_fault,1.0,per_tenant,True,True
truncate_context,provider_fault,1.0,ours,True,True
truncate_context,provider_fault,1.0,ours_shift_flag,False,True
truncate_context,provider_fault,1.0,ours_input,True,True
truncate_context,provider_fault,1.0,pooled,True,True
truncate_context,provider_fault,1.0,per_tenant,True,True
truncate_context,provider_fault,1.0,ours,True,True
truncate_context,provider_fault,1.0,ours_shift_flag,False,True
truncate_context,provider_fault,1.0,ours_input,True,True
truncate_context,provider_fault,1.0,pooled,True,True
truncate_context,provider_fault,1.0,per_tenant,True,True
truncate_context,provider_fault,1.0,ours,True,True
truncate_context,provider_fault,1.0,ours_shift_flag,False,True
truncate_context,provider_fault,1.0,ours_input,True,True
truncate_context,provider_fault,1.0,pooled,True,True
truncate_context,provider_fault,1.0,per_tenant,True,True
truncate_context,provider_fault,1.0,ours,True,True
truncate_context,provider_fault,1.0,ours_shift_flag,False,True
truncate_context,provider_fault,1.0,ours_input,True,True
truncate_context,provider_fault,1.0,pooled,True,True
truncate_context,provider_fault,1.0,per_tenant,True,True
truncate_context,provider_fault,1.0,ours,True,True
truncate_context,provider_fault,1.0,ours_shift_flag,False,True
truncate_context,provider_fault,1.0,ours_input,True,True
truncate_context,provider_fault,1.0,pooled,True,True
truncate_context,provider_fault,1.0,per_tenant,True,True
truncate_context,provider_fault,1.0,ours,True,True
truncate_context,provider_fault,1.0,ours_shift_flag,False,True
truncate_context,provider_fault,1.0,ours_input,True,True
truncate_context,provider_fault,1.0,pooled,True,True
truncate_context,provider_fault,1.0,per_tenant,True,True
truncate_context,provider_fault,1.0,ours,True,True
truncate_context,provider_fault,1.0,ours_shift_flag,False,True
truncate_context,provider_fault,1.0,ours_input,True,True
truncate_context,provider_fault,1.0,pooled,True,True
truncate_context,provider_fault,1.0,per_tenant,True,True
truncate_context,provider_fault,1.0,ours,True,True
truncate_context,provider_fault,1.0,ours_shift_flag,False,True
truncate_context,provider_fault,1.0,ours_input,True,True
truncate_context,provider_fault,1.0,pooled,True,True
truncate_context,provider_fault,1.0,per_tenant,True,True
truncate_context,provider_fault,1.0,ours,True,True
truncate_context,provider_fault,1.0,ours_shift_flag,False,True
truncate_context,provider_fault,1.0,ours_input,True,True
truncate_context,provider_fault,1.0,pooled,True,True
truncate_context,provider_fault,1.0,per_tenant,True,True
truncate_context,provider_fault,1.0,ours,True,True
truncate_context,provider_fault,1.0,ours_shift_flag,False,True
truncate_context,provider_fault,1.0,ours_input,True,True
truncate_context,provider_fault,1.0,pooled,True,True
truncate_context,provider_fault,1.0,per_tenant,True,True
truncate_context,provider_fault,1.0,ours,True,True
truncate_context,provider_fault,1.0,ours_shift_flag,False,True
truncate_context,provider_fault,1.0,ours_input,True,True
truncate_context,provider_fault,1.0,pooled,True,True
truncate_context,provider_fault,1.0,per_tenant,True,True
truncate_context,provider_fault,1.0,ours,True,True
truncate_context,provider_fault,1.0,ours_shift_flag,False,True
truncate_context,provider_fault,1.0,ours_input,True,True
truncate_context,provider_fault,1.0,pooled,True,True
truncate_context,provider_fault,1.0,per_tenant,True,True
truncate_context,provider_fault,1.0,ours,True,True
truncate_context,provider_fault,1.0,ours_shift_flag,False,True
truncate_context,provider_fault,1.0,ours_input,True,True
truncate_context,provider_fault,1.0,pooled,True,True
truncate_context,provider_fault,1.0,per_tenant,True,True
truncate_context,provider_fault,1.0,ours,True,True
truncate_context,provider_fault,1.0,ours_shift_flag,False,True
truncate_context,provider_fault,1.0,ours_input,True,True
truncate_context,provider_fault,1.0,pooled,True,True
truncate_context,provider_fault,1.0,per_tenant,True,True
truncate_context,provider_fault,1.0,ours,True,True
truncate_context,provider_fault,1.0,ours_shift_flag,False,True
truncate_context,provider_fault,1.0,ours_input,True,True
truncate_context,provider_fault,1.0,pooled,True,True
truncate_context,provider_fault,1.0,per_tenant,True,True
truncate_context,provider_fault,1.0,ours,True,True
truncate_context,provider_fault,1.0,ours_shift_flag,False,True
truncate_context,provider_fault,1.0,ours_input,True,True
truncate_context,provider_fault,1.0,pooled,True,True
truncate_context,provider_fault,1.0,per_tenant,True,True
truncate_context,provider_fault,1.0,ours,True,True
truncate_context,provider_fault,1.0,ours_shift_flag,False,True
truncate_context,provider_fault,1.0,ours_input,True,True
truncate_context,provider_fault,1.0,pooled,True,True
truncate_context,provider_fault,1.0,per_tenant,True,True
truncate_context,provider_fault,1.0,ours,True,True
truncate_context,provider_fault,1.0,ours_shift_flag,False,True
truncate_context,provider_fault,1.0,ours_input,True,True
truncate_context,provider_fault,1.0,pooled,True,True
truncate_context,provider_fault,1.0,per_tenant,True,True
truncate_context,provider_fault,1.0,ours,True,True
truncate_context,provider_fault,1.0,ours_shift_flag,False,True
truncate_context,provider_fault,1.0,ours_input,True,True
truncate_context,provider_fault,1.0,pooled,True,True
truncate_context,provider_fault,1.0,per_tenant,True,True
truncate_context,provider_fault,1.0,ours,True,True
truncate_context,provider_fault,1.0,ours_shift_flag,False,True
truncate_context,provider_fault,1.0,ours_input,True,True
truncate_context,provider_fault,1.0,pooled,True,True
truncate_context,provider_fault,1.0,per_tenant,True,True
truncate_context,provider_fault,1.0,ours,True,True
truncate_context,provider_fault,1.0,ours_shift_flag,False,True
truncate_context,provider_fault,1.0,ours_input,True,True
truncate_context,provider_fault,1.0,pooled,True,True
truncate_context,provider_fault,1.0,per_tenant,True,True
truncate_context,provider_fault,1.0,ours,True,True
truncate_context,provider_fault,1.0,ours_shift_flag,False,True
truncate_context,provider_fault,1.0,ours_input,True,True
truncate_context,provider_fault,1.0,pooled,True,True
truncate_context,provider_fault,1.0,per_tenant,True,True
truncate_context,provider_fault,1.0,ours,True,True
truncate_context,provider_fault,1.0,ours_shift_flag,False,True
truncate_context,provider_fault,1.0,ours_input,True,True
truncate_context,provider_fault,1.0,pooled,True,True
truncate_context,provider_fault,1.0,per_tenant,True,True
truncate_context,provider_fault,1.0,ours,True,True
truncate_context,provider_fault,1.0,ours_shift_flag,False,True
truncate_context,provider_fault,1.0,ours_input,True,True
truncate_context,provider_fault,1.0,pooled,True,True
truncate_context,provider_fault,1.0,per_tenant,True,True
truncate_context,provider_fault,1.0,ours,True,True
truncate_context,provider_fault,1.0,ours_shift_flag,False,True
truncate_context,provider_fault,1.0,ours_input,True,True
truncate_context,provider_fault,1.0,pooled,True,True
truncate_context,provider_fault,1.0,per_tenant,True,True
truncate_context,provider_fault,1.0,ours,True,True
truncate_context,provider_fault,1.0,ours_shift_flag,False,True
truncate_context,provider_fault,1.0,ours_input,True,True
truncate_context,provider_fault,1.0,pooled,True,True
truncate_context,provider_fault,1.0,per_tenant,True,True
truncate_context,provider_fault,1.0,ours,True,True
truncate_context,provider_fault,1.0,ours_shift_flag,False,True
truncate_context,provider_fault,1.0,ours_input,True,True
truncate_context,provider_fault,1.0,pooled,True,True
truncate_context,provider_fault,1.0,per_tenant,True,True
truncate_context,provider_fault,1.0,ours,True,True
truncate_context,provider_fault,1.0,ours_shift_flag,False,True
truncate_context,provider_fault,1.0,ours_input,True,True
truncate_context,provider_fault,1.0,pooled,True,True
truncate_context,provider_fault,1.0,per_tenant,True,True
truncate_context,provider_fault,1.0,ours,True,True
truncate_context,provider_fault,1.0,ours_shift_flag,False,True
truncate_context,provider_fault,1.0,ours_input,True,True
truncate_context,traffic_shift,1.0,pooled,True,False
truncate_context,traffic_shift,1.0,per_tenant,True,False
truncate_context,traffic_shift,1.0,ours,True,False
truncate_context,traffic_shift,1.0,ours_shift_flag,True,True
truncate_context,traffic_shift,1.0,ours_input,False,True
truncate_context,traffic_shift,1.0,pooled,True,False
truncate_context,traffic_shift,1.0,per_tenant,True,False
truncate_context,traffic_shift,1.0,ours,False,True
truncate_context,traffic_shift,1.0,ours_shift_flag,True,True
truncate_context,traffic_shift,1.0,ours_input,False,True
truncate_context,traffic_shift,1.0,pooled,True,False
truncate_context,traffic_shift,1.0,per_tenant,True,False
truncate_context,traffic_shift,1.0,ours,True,False
truncate_context,traffic_shift,1.0,ours_shift_flag,True,True
truncate_context,traffic_shift,1.0,ours_input,False,True
truncate_context,traffic_shift,1.0,pooled,True,False
truncate_context,traffic_shift,1.0,per_tenant,True,False
truncate_context,traffic_shift,1.0,ours,True,False
truncate_context,traffic_shift,1.0,ours_shift_flag,True,True
truncate_context,traffic_shift,1.0,ours_input,False,True
truncate_context,traffic_shift,1.0,pooled,True,False
truncate_context,traffic_shift,1.0,per_tenant,True,False
truncate_context,traffic_shift,1.0,ours,True,False
truncate_context,traffic_shift,1.0,ours_shift_flag,True,True
truncate_context,traffic_shift,1.0,ours_input,False,True
truncate_context,traffic_shift,1.0,pooled,True,False
truncate_context,traffic_shift,1.0,per_tenant,True,False
truncate_context,traffic_shift,1.0,ours,False,True
truncate_context,traffic_shift,1.0,ours_shift_flag,True,True
truncate_context,traffic_shift,1.0,ours_input,False,True
truncate_context,traffic_shift,1.0,pooled,True,False
truncate_context,traffic_shift,1.0,per_tenant,True,False
truncate_context,traffic_shift,1.0,ours,True,False
truncate_context,traffic_shift,1.0,ours_shift_flag,True,True
truncate_context,traffic_shift,1.0,ours_input,False,True
truncate_context,traffic_shift,1.0,pooled,True,False
truncate_context,traffic_shift,1.0,per_tenant,True,False
truncate_context,traffic_shift,1.0,ours,True,False
truncate_context,traffic_shift,1.0,ours_shift_flag,True,True
truncate_context,traffic_shift,1.0,ours_input,False,True
truncate_context,traffic_shift,1.0,pooled,True,False
truncate_context,traffic_shift,1.0,per_tenant,True,False
truncate_context,traffic_shift,1.0,ours,True,False
truncate_context,traffic_shift,1.0,ours_shift_flag,True,True
truncate_context,traffic_shift,1.0,ours_input,False,True
truncate_context,traffic_shift,1.0,pooled,True,False
truncate_context,traffic_shift,1.0,per_tenant,True,False
truncate_context,traffic_shift,1.0,ours,True,False
truncate_context,traffic_shift,1.0,ours_shift_flag,True,True
truncate_context,traffic_shift,1.0,ours_input,False,True
truncate_context,traffic_shift,1.0,pooled,True,False
truncate_context,traffic_shift,1.0,per_tenant,True,False
truncate_context,traffic_shift,1.0,ours,True,False
truncate_context,traffic_shift,1.0,ours_shift_flag,True,True
truncate_context,traffic_shift,1.0,ours_input,False,True
truncate_context,traffic_shift,1.0,pooled,True,False
truncate_context,traffic_shift,1.0,per_tenant,True,False
truncate_context,traffic_shift,1.0,ours,True,False
truncate_context,traffic_shift,1.0,ours_shift_flag,True,True
truncate_context,traffic_shift,1.0,ours_input,False,True
truncate_context,traffic_shift,1.0,pooled,True,False
truncate_context,traffic_shift,1.0,per_tenant,True,False
truncate_context,traffic_shift,1.0,ours,True,False
truncate_context,traffic_shift,1.0,ours_shift_flag,True,True
truncate_context,traffic_shift,1.0,ours_input,False,True
truncate_context,traffic_shift,1.0,pooled,True,False
truncate_context,traffic_shift,1.0,per_tenant,True,False
truncate_context,traffic_shift,1.0,ours,True,False
truncate_context,traffic_shift,1.0,ours_shift_flag,True,True
truncate_context,traffic_shift,1.0,ours_input,False,True
truncate_context,traffic_shift,1.0,pooled,True,False
truncate_context,traffic_shift,1.0,per_tenant,True,False
truncate_context,traffic_shift,1.0,ours,True,False
truncate_context,traffic_shift,1.0,ours_shift_flag,True,True
truncate_context,traffic_shift,1.0,ours_input,False,True
truncate_context,traffic_shift,1.0,pooled,True,False
truncate_context,traffic_shift,1.0,per_tenant,True,False
truncate_context,traffic_shift,1.0,ours,True,False
truncate_context,traffic_shift,1.0,ours_shift_flag,True,True
truncate_context,traffic_shift,1.0,ours_input,False,True
truncate_context,traffic_shift,1.0,pooled,True,False
truncate_context,traffic_shift,1.0,per_tenant,True,False
truncate_context,traffic_shift,1.0,ours,True,False
truncate_context,traffic_shift,1.0,ours_shift_flag,True,True
truncate_context,traffic_shift,1.0,ours_input,False,True
truncate_context,traffic_shift,1.0,pooled,True,False
truncate_context,traffic_shift,1.0,per_tenant,True,False
truncate_context,traffic_shift,1.0,ours,True,False
truncate_context,traffic_shift,1.0,ours_shift_flag,True,True
truncate_context,traffic_shift,1.0,ours_input,False,True
truncate_context,traffic_shift,1.0,pooled,True,False
truncate_context,traffic_shift,1.0,per_tenant,True,False
truncate_context,traffic_shift,1.0,ours,True,False
truncate_context,traffic_shift,1.0,ours_shift_flag,True,True
truncate_context,traffic_shift,1.0,ours_input,False,True
truncate_context,traffic_shift,1.0,pooled,True,False
truncate_context,traffic_shift,1.0,per_tenant,True,False
truncate_context,traffic_shift,1.0,ours,True,False
truncate_context,traffic_shift,1.0,ours_shift_flag,True,True
truncate_context,traffic_shift,1.0,ours_input,False,True
truncate_context,traffic_shift,1.0,pooled,True,False
truncate_context,traffic_shift,1.0,per_tenant,True,False
truncate_context,traffic_shift,1.0,ours,True,False
truncate_context,traffic_shift,1.0,ours_shift_flag,True,True
truncate_context,traffic_shift,1.0,ours_input,False,True
truncate_context,traffic_shift,1.0,pooled,True,False
truncate_context,traffic_shift,1.0,per_tenant,True,False
truncate_context,traffic_shift,1.0,ours,True,False
truncate_context,traffic_shift,1.0,ours_shift_flag,True,True
truncate_context,traffic_shift,1.0,ours_input,False,True
truncate_context,traffic_shift,1.0,pooled,True,False
truncate_context,traffic_shift,1.0,per_tenant,True,False
truncate_context,traffic_shift,1.0,ours,True,False
truncate_context,traffic_shift,1.0,ours_shift_flag,True,True
truncate_context,traffic_shift,1.0,ours_input,False,True
truncate_context,traffic_shift,1.0,pooled,True,False
truncate_context,traffic_shift,1.0,per_tenant,True,False
truncate_context,traffic_shift,1.0,ours,True,False
truncate_context,traffic_shift,1.0,ours_shift_flag,True,True
truncate_context,traffic_shift,1.0,ours_input,False,True
truncate_context,traffic_shift,1.0,pooled,True,False
truncate_context,traffic_shift,1.0,per_tenant,True,False
truncate_context,traffic_shift,1.0,ours,True,False
truncate_context,traffic_shift,1.0,ours_shift_flag,True,True
truncate_context,traffic_shift,1.0,ours_input,False,True
truncate_context,traffic_shift,1.0,pooled,True,False
truncate_context,traffic_shift,1.0,per_tenant,True,False
truncate_context,traffic_shift,1.0,ours,True,False
truncate_context,traffic_shift,1.0,ours_shift_flag,True,True
truncate_context,traffic_shift,1.0,ours_input,False,True
truncate_context,traffic_shift,1.0,pooled,True,False
truncate_context,traffic_shift,1.0,per_tenant,True,False
truncate_context,traffic_shift,1.0,ours,True,False
truncate_context,traffic_shift,1.0,ours_shift_flag,True,True
truncate_context,traffic_shift,1.0,ours_input,False,True
truncate_context,traffic_shift,1.0,pooled,True,False
truncate_context,traffic_shift,1.0,per_tenant,True,False
truncate_context,traffic_shift,1.0,ours,True,False
truncate_context,traffic_shift,1.0,ours_shift_flag,True,True
truncate_context,traffic_shift,1.0,ours_input,False,True
truncate_context,traffic_shift,1.0,pooled,True,False
truncate_context,traffic_shift,1.0,per_tenant,True,False
truncate_context,traffic_shift,1.0,ours,True,False
truncate_context,traffic_shift,1.0,ours_shift_flag,True,True
truncate_context,traffic_shift,1.0,ours_input,False,True
truncate_context,traffic_shift,1.0,pooled,True,False
truncate_context,traffic_shift,1.0,per_tenant,True,False
truncate_context,traffic_shift,1.0,ours,True,False
truncate_context,traffic_shift,1.0,ours_shift_flag,True,True
truncate_context,traffic_shift,1.0,ours_input,False,True
truncate_context,traffic_shift,1.0,pooled,True,False
truncate_context,traffic_shift,1.0,per_tenant,True,False
truncate_context,traffic_shift,1.0,ours,True,False
truncate_context,traffic_shift,1.0,ours_shift_flag,True,True
truncate_context,traffic_shift,1.0,ours_input,False,True
truncate_context,traffic_shift,1.0,pooled,True,False
truncate_context,traffic_shift,1.0,per_tenant,True,False
truncate_context,traffic_shift,1.0,ours,True,False
truncate_context,traffic_shift,1.0,ours_shift_flag,True,True
truncate_context,traffic_shift,1.0,ours_input,False,True
truncate_context,traffic_shift,1.0,pooled,True,False
truncate_context,traffic_shift,1.0,per_tenant,True,False
truncate_context,traffic_shift,1.0,ours,True,False
truncate_context,traffic_shift,1.0,ours_shift_flag,True,True
truncate_context,traffic_shift,1.0,ours_input,False,True
truncate_context,traffic_shift,1.0,pooled,True,False
truncate_context,traffic_shift,1.0,per_tenant,True,False
truncate_context,traffic_shift,1.0,ours,True,False
truncate_context,traffic_shift,1.0,ours_shift_flag,True,True
truncate_context,traffic_shift,1.0,ours_input,False,True
truncate_context,traffic_shift,1.0,pooled,True,False
truncate_context,traffic_shift,1.0,per_tenant,True,False
truncate_context,traffic_shift,1.0,ours,True,False
truncate_context,traffic_shift,1.0,ours_shift_flag,True,True
truncate_context,traffic_shift,1.0,ours_input,False,True
truncate_context,traffic_shift,1.0,pooled,True,False
truncate_context,traffic_shift,1.0,per_tenant,True,False
truncate_context,traffic_shift,1.0,ours,True,False
truncate_context,traffic_shift,1.0,ours_shift_flag,True,True
truncate_context,traffic_shift,1.0,ours_input,False,True
truncate_context,traffic_shift,1.0,pooled,True,False
truncate_context,traffic_shift,1.0,per_tenant,True,False
truncate_context,traffic_shift,1.0,ours,True,False
truncate_context,traffic_shift,1.0,ours_shift_flag,True,True
truncate_context,traffic_shift,1.0,ours_input,False,True
truncate_context,traffic_shift,1.0,pooled,True,False
truncate_context,traffic_shift,1.0,per_tenant,True,False
truncate_context,traffic_shift,1.0,ours,True,False
truncate_context,traffic_shift,1.0,ours_shift_flag,True,True
truncate_context,traffic_shift,1.0,ours_input,False,True
truncate_context,traffic_shift,1.0,pooled,True,False
truncate_context,traffic_shift,1.0,per_tenant,True,False
truncate_context,traffic_shift,1.0,ours,True,False
truncate_context,traffic_shift,1.0,ours_shift_flag,True,True
truncate_context,traffic_shift,1.0,ours_input,False,True
truncate_context,traffic_shift,1.0,pooled,True,False
truncate_context,traffic_shift,1.0,per_tenant,True,False
truncate_context,traffic_shift,1.0,ours,True,False
truncate_context,traffic_shift,1.0,ours_shift_flag,True,True
truncate_context,traffic_shift,1.0,ours_input,False,True
truncate_context,traffic_shift,1.0,pooled,True,False
truncate_context,traffic_shift,1.0,per_tenant,True,False
truncate_context,traffic_shift,1.0,ours,True,False
truncate_context,traffic_shift,1.0,ours_shift_flag,True,True
truncate_context,traffic_shift,1.0,ours_input,False,True
truncate_context,traffic_shift,1.0,pooled,True,False
truncate_context,traffic_shift,1.0,per_tenant,True,False
truncate_context,traffic_shift,1.0,ours,True,False
truncate_context,traffic_shift,1.0,ours_shift_flag,True,True
truncate_context,traffic_shift,1.0,ours_input,False,True
truncate_context,traffic_shift,1.0,pooled,True,False
truncate_context,traffic_shift,1.0,per_tenant,True,False
truncate_context,traffic_shift,1.0,ours,True,False
truncate_context,traffic_shift,1.0,ours_shift_flag,True,True
truncate_context,traffic_shift,1.0,ours_input,False,True
truncate_context,traffic_shift,1.0,pooled,True,False
truncate_context,traffic_shift,1.0,per_tenant,True,False
truncate_context,traffic_shift,1.0,ours,True,False
truncate_context,traffic_shift,1.0,ours_shift_flag,True,True
truncate_context,traffic_shift,1.0,ours_input,False,True
truncate_context,traffic_shift,1.0,pooled,True,False
truncate_context,traffic_shift,1.0,per_tenant,True,False
truncate_context,traffic_shift,1.0,ours,True,False
truncate_context,traffic_shift,1.0,ours_shift_flag,True,True
truncate_context,traffic_shift,1.0,ours_input,False,True
truncate_context,traffic_shift,1.0,pooled,True,False
truncate_context,traffic_shift,1.0,per_tenant,True,False
truncate_context,traffic_shift,1.0,ours,True,False
truncate_context,traffic_shift,1.0,ours_shift_flag,True,True
truncate_context,traffic_shift,1.0,ours_input,False,True
truncate_context,traffic_shift,1.0,pooled,True,False
truncate_context,traffic_shift,1.0,per_tenant,True,False
truncate_context,traffic_shift,1.0,ours,True,False
truncate_context,traffic_shift,1.0,ours_shift_flag,True,True
truncate_context,traffic_shift,1.0,ours_input,False,True
truncate_context,traffic_shift,1.0,pooled,True,False
truncate_context,traffic_shift,1.0,per_tenant,True,False
truncate_context,traffic_shift,1.0,ours,True,False
truncate_context,traffic_shift,1.0,ours_shift_flag,True,True
truncate_context,traffic_shift,1.0,ours_input,False,True
truncate_context,traffic_shift,1.0,pooled,True,False
truncate_context,traffic_shift,1.0,per_tenant,True,False
truncate_context,traffic_shift,1.0,ours,True,False
truncate_context,traffic_shift,1.0,ours_shift_flag,True,True
truncate_context,traffic_shift,1.0,ours_input,False,True
truncate_context,traffic_shift,1.0,pooled,True,False
truncate_context,traffic_shift,1.0,per_tenant,True,False
truncate_context,traffic_shift,1.0,ours,True,False
truncate_context,traffic_shift,1.0,ours_shift_flag,True,True
truncate_context,traffic_shift,1.0,ours_input,False,True
truncate_context,traffic_shift,1.0,pooled,True,False
truncate_context,traffic_shift,1.0,per_tenant,True,False
truncate_context,traffic_shift,1.0,ours,True,False
truncate_context,traffic_shift,1.0,ours_shift_flag,True,True
truncate_context,traffic_shift,1.0,ours_input,False,True
truncate_context,traffic_shift,1.0,pooled,True,False
truncate_context,traffic_shift,1.0,per_tenant,True,False
truncate_context,traffic_shift,1.0,ours,True,False
truncate_context,traffic_shift,1.0,ours_shift_flag,True,True
truncate_context,traffic_shift,1.0,ours_input,False,True
truncate_context,traffic_shift,1.0,pooled,True,False
truncate_context,traffic_shift,1.0,per_tenant,True,False
truncate_context,traffic_shift,1.0,ours,True,False
truncate_context,traffic_shift,1.0,ours_shift_flag,True,True
truncate_context,traffic_shift,1.0,ours_input,False,True
truncate_context,traffic_shift,1.0,pooled,True,False
truncate_context,traffic_shift,1.0,per_tenant,True,False
truncate_context,traffic_shift,1.0,ours,True,False
truncate_context,traffic_shift,1.0,ours_shift_flag,True,True
truncate_context,traffic_shift,1.0,ours_input,False,True
truncate_context,traffic_shift,1.0,pooled,True,False
truncate_context,traffic_shift,1.0,per_tenant,True,False
truncate_context,traffic_shift,1.0,ours,True,False
truncate_context,traffic_shift,1.0,ours_shift_flag,True,True
truncate_context,traffic_shift,1.0,ours_input,False,True
truncate_context,traffic_shift,1.0,pooled,True,False
truncate_context,traffic_shift,1.0,per_tenant,True,False
truncate_context,traffic_shift,1.0,ours,True,False
truncate_context,traffic_shift,1.0,ours_shift_flag,True,True
truncate_context,traffic_shift,1.0,ours_input,False,True
truncate_context,traffic_shift,1.0,pooled,True,False
truncate_context,traffic_shift,1.0,per_tenant,True,False
truncate_context,traffic_shift,1.0,ours,True,False
truncate_context,traffic_shift,1.0,ours_shift_flag,True,True
truncate_context,traffic_shift,1.0,ours_input,False,True
truncate_context,traffic_shift,1.0,pooled,True,False
truncate_context,traffic_shift,1.0,per_tenant,True,False
truncate_context,traffic_shift,1.0,ours,True,False
truncate_context,traffic_shift,1.0,ours_shift_flag,True,True
truncate_context,traffic_shift,1.0,ours_input,False,True
truncate_context,traffic_shift,1.0,pooled,True,False
truncate_context,traffic_shift,1.0,per_tenant,True,False
truncate_context,traffic_shift,1.0,ours,True,False
truncate_context,traffic_shift,1.0,ours_shift_flag,True,True
truncate_context,traffic_shift,1.0,ours_input,False,True
truncate_context,traffic_shift,1.0,pooled,True,False
truncate_context,traffic_shift,1.0,per_tenant,True,False
truncate_context,traffic_shift,1.0,ours,True,False
truncate_context,traffic_shift,1.0,ours_shift_flag,True,True
truncate_context,traffic_shift,1.0,ours_input,False,True
truncate_context,both,1.0,pooled,True,True
truncate_context,both,1.0,per_tenant,True,True
truncate_context,both,1.0,ours,True,True
truncate_context,both,1.0,ours_shift_flag,True,True
truncate_context,both,1.0,ours_input,True,True
truncate_context,both,1.0,pooled,True,True
truncate_context,both,1.0,per_tenant,True,True
truncate_context,both,1.0,ours,True,True
truncate_context,both,1.0,ours_shift_flag,True,True
truncate_context,both,1.0,ours_input,True,True
truncate_context,both,1.0,pooled,True,True
truncate_context,both,1.0,per_tenant,True,True
truncate_context,both,1.0,ours,True,True
truncate_context,both,1.0,ours_shift_flag,True,True
truncate_context,both,1.0,ours_input,True,True
truncate_context,both,1.0,pooled,True,True
truncate_context,both,1.0,per_tenant,True,True
truncate_context,both,1.0,ours,True,True
truncate_context,both,1.0,ours_shift_flag,True,True
truncate_context,both,1.0,ours_input,True,True
truncate_context,both,1.0,pooled,True,True
truncate_context,both,1.0,per_tenant,True,True
truncate_context,both,1.0,ours,True,True
truncate_context,both,1.0,ours_shift_flag,True,True
truncate_context,both,1.0,ours_input,True,True
truncate_context,both,1.0,pooled,True,True
truncate_context,both,1.0,per_tenant,True,True
truncate_context,both,1.0,ours,True,True
truncate_context,both,1.0,ours_shift_flag,True,True
truncate_context,both,1.0,ours_input,True,True
truncate_context,both,1.0,pooled,True,True
truncate_context,both,1.0,per_tenant,True,True
truncate_context,both,1.0,ours,True,True
truncate_context,both,1.0,ours_shift_flag,True,True
truncate_context,both,1.0,ours_input,True,True
truncate_context,both,1.0,pooled,True,True
truncate_context,both,1.0,per_tenant,True,True
truncate_context,both,1.0,ours,True,True
truncate_context,both,1.0,ours_shift_flag,True,True
truncate_context,both,1.0,ours_input,True,True
truncate_context,both,1.0,pooled,True,True
truncate_context,both,1.0,per_tenant,True,True
truncate_context,both,1.0,ours,True,True
truncate_context,both,1.0,ours_shift_flag,True,True
truncate_context,both,1.0,ours_input,True,True
truncate_context,both,1.0,pooled,True,True
truncate_context,both,1.0,per_tenant,True,True
truncate_context,both,1.0,ours,True,True
truncate_context,both,1.0,ours_shift_flag,True,True
truncate_context,both,1.0,ours_input,True,True
truncate_context,both,1.0,pooled,True,True
truncate_context,both,1.0,per_tenant,True,True
truncate_context,both,1.0,ours,True,True
truncate_context,both,1.0,ours_shift_flag,True,True
truncate_context,both,1.0,ours_input,True,True
truncate_context,both,1.0,pooled,True,True
truncate_context,both,1.0,per_tenant,True,True
truncate_context,both,1.0,ours,True,True
truncate_context,both,1.0,ours_shift_flag,True,True
truncate_context,both,1.0,ours_input,True,True
truncate_context,both,1.0,pooled,True,True
truncate_context,both,1.0,per_tenant,True,True
truncate_context,both,1.0,ours,True,True
truncate_context,both,1.0,ours_shift_flag,True,True
truncate_context,both,1.0,ours_input,True,True
truncate_context,both,1.0,pooled,True,True
truncate_context,both,1.0,per_tenant,True,True
truncate_context,both,1.0,ours,True,True
truncate_context,both,1.0,ours_shift_flag,True,True
truncate_context,both,1.0,ours_input,True,True
truncate_context,both,1.0,pooled,True,True
truncate_context,both,1.0,per_tenant,True,True
truncate_context,both,1.0,ours,True,True
truncate_context,both,1.0,ours_shift_flag,True,True
truncate_context,both,1.0,ours_input,True,True
truncate_context,both,1.0,pooled,True,True
truncate_context,both,1.0,per_tenant,True,True
truncate_context,both,1.0,ours,True,True
truncate_context,both,1.0,ours_shift_flag,True,True
truncate_context,both,1.0,ours_input,True,True
truncate_context,both,1.0,pooled,True,True
truncate_context,both,1.0,per_tenant,True,True
truncate_context,both,1.0,ours,True,True
truncate_context,both,1.0,ours_shift_flag,True,True
truncate_context,both,1.0,ours_input,True,True
truncate_context,both,1.0,pooled,True,True
truncate_context,both,1.0,per_tenant,True,True
truncate_context,both,1.0,ours,True,True
truncate_context,both,1.0,ours_shift_flag,True,True
truncate_context,both,1.0,ours_input,True,True
truncate_context,both,1.0,pooled,True,True
truncate_context,both,1.0,per_tenant,True,True
truncate_context,both,1.0,ours,True,True
truncate_context,both,1.0,ours_shift_flag,True,True
truncate_context,both,1.0,ours_input,True,True
truncate_context,both,1.0,pooled,True,True
truncate_context,both,1.0,per_tenant,True,True
truncate_context,both,1.0,ours,True,True
truncate_context,both,1.0,ours_shift_flag,True,True
truncate_context,both,1.0,ours_input,True,True
truncate_context,both,1.0,pooled,True,True
truncate_context,both,1.0,per_tenant,True,True
truncate_context,both,1.0,ours,True,True
truncate_context,both,1.0,ours_shift_flag,True,True
truncate_context,both,1.0,ours_input,True,True
truncate_context,both,1.0,pooled,True,True
truncate_context,both,1.0,per_tenant,True,True
truncate_context,both,1.0,ours,True,True
truncate_context,both,1.0,ours_shift_flag,True,True
truncate_context,both,1.0,ours_input,True,True
truncate_context,both,1.0,pooled,True,True
truncate_context,both,1.0,per_tenant,True,True
truncate_context,both,1.0,ours,True,True
truncate_context,both,1.0,ours_shift_flag,True,True
truncate_context,both,1.0,ours_input,True,True
truncate_context,both,1.0,pooled,True,True
truncate_context,both,1.0,per_tenant,True,True
truncate_context,both,1.0,ours,True,True
truncate_context,both,1.0,ours_shift_flag,True,True
truncate_context,both,1.0,ours_input,True,True
truncate_context,both,1.0,pooled,True,True
truncate_context,both,1.0,per_tenant,True,True
truncate_context,both,1.0,ours,True,True
truncate_context,both,1.0,ours_shift_flag,True,True
truncate_context,both,1.0,ours_input,True,True
truncate_context,both,1.0,pooled,True,True
truncate_context,both,1.0,per_tenant,True,True
truncate_context,both,1.0,ours,True,True
truncate_context,both,1.0,ours_shift_flag,True,True
truncate_context,both,1.0,ours_input,True,True
truncate_context,both,1.0,pooled,True,True
truncate_context,both,1.0,per_tenant,True,True
truncate_context,both,1.0,ours,True,True
truncate_context,both,1.0,ours_shift_flag,True,True
truncate_context,both,1.0,ours_input,True,True
truncate_context,both,1.0,pooled,True,True
truncate_context,both,1.0,per_tenant,True,True
truncate_context,both,1.0,ours,True,True
truncate_context,both,1.0,ours_shift_flag,True,True
truncate_context,both,1.0,ours_input,True,True
truncate_context,both,1.0,pooled,True,True
truncate_context,both,1.0,per_tenant,True,True
truncate_context,both,1.0,ours,True,True
truncate_context,both,1.0,ours_shift_flag,True,True
truncate_context,both,1.0,ours_input,True,True
truncate_context,both,1.0,pooled,True,True
truncate_context,both,1.0,per_tenant,True,True
truncate_context,both,1.0,ours,True,True
truncate_context,both,1.0,ours_shift_flag,True,True
truncate_context,both,1.0,ours_input,True,True
truncate_context,both,1.0,pooled,True,True
truncate_context,both,1.0,per_tenant,True,True
truncate_context,both,1.0,ours,True,True
truncate_context,both,1.0,ours_shift_flag,True,True
truncate_context,both,1.0,ours_input,True,True
truncate_context,both,1.0,pooled,True,True
truncate_context,both,1.0,per_tenant,True,True
truncate_context,both,1.0,ours,True,True
truncate_context,both,1.0,ours_shift_flag,True,True
truncate_context,both,1.0,ours_input,True,True
truncate_context,both,1.0,pooled,True,True
truncate_context,both,1.0,per_tenant,True,True
truncate_context,both,1.0,ours,True,True
truncate_context,both,1.0,ours_shift_flag,True,True
truncate_context,both,1.0,ours_input,True,True
truncate_context,both,1.0,pooled,True,True
truncate_context,both,1.0,per_tenant,True,True
truncate_context,both,1.0,ours,True,True
truncate_context,both,1.0,ours_shift_flag,True,True
truncate_context,both,1.0,ours_input,True,True
truncate_context,both,1.0,pooled,True,True
truncate_context,both,1.0,per_tenant,True,True
truncate_context,both,1.0,ours,True,True
truncate_context,both,1.0,ours_shift_flag,True,True
truncate_context,both,1.0,ours_input,True,True
truncate_context,both,1.0,pooled,True,True
truncate_context,both,1.0,per_tenant,True,True
truncate_context,both,1.0,ours,True,True
truncate_context,both,1.0,ours_shift_flag,True,True
truncate_context,both,1.0,ours_input,True,True
truncate_context,both,1.0,pooled,True,True
truncate_context,both,1.0,per_tenant,True,True
truncate_context,both,1.0,ours,True,True
truncate_context,both,1.0,ours_shift_flag,True,True
truncate_context,both,1.0,ours_input,True,True
truncate_context,both,1.0,pooled,True,True
truncate_context,both,1.0,per_tenant,True,True
truncate_context,both,1.0,ours,True,True
truncate_context,both,1.0,ours_shift_flag,True,True
truncate_context,both,1.0,ours_input,True,True
truncate_context,both,1.0,pooled,True,True
truncate_context,both,1.0,per_tenant,True,True
truncate_context,both,1.0,ours,True,True
truncate_context,both,1.0,ours_shift_flag,True,True
truncate_context,both,1.0,ours_input,True,True
truncate_context,both,1.0,pooled,True,True
truncate_context,both,1.0,per_tenant,True,True
truncate_context,both,1.0,ours,True,True
truncate_context,both,1.0,ours_shift_flag,True,True
truncate_context,both,1.0,ours_input,True,True
truncate_context,both,1.0,pooled,True,True
truncate_context,both,1.0,per_tenant,True,True
truncate_context,both,1.0,ours,True,True
truncate_context,both,1.0,ours_shift_flag,True,True
truncate_context,both,1.0,ours_input,True,True
truncate_context,both,1.0,pooled,True,True
truncate_context,both,1.0,per_tenant,True,True
truncate_context,both,1.0,ours,True,True
truncate_context,both,1.0,ours_shift_flag,True,True
truncate_context,both,1.0,ours_input,True,True
truncate_context,both,1.0,pooled,True,True
truncate_context,both,1.0,per_tenant,True,True
truncate_context,both,1.0,ours,True,True
truncate_context,both,1.0,ours_shift_flag,True,True
truncate_context,both,1.0,ours_input,True,True
truncate_context,both,1.0,pooled,True,True
truncate_context,both,1.0,per_tenant,True,True
truncate_context,both,1.0,ours,True,True
truncate_context,both,1.0,ours_shift_flag,True,True
truncate_context,both,1.0,ours_input,True,True
truncate_context,both,1.0,pooled,True,True
truncate_context,both,1.0,per_tenant,True,True
truncate_context,both,1.0,ours,True,True
truncate_context,both,1.0,ours_shift_flag,True,True
truncate_context,both,1.0,ours_input,True,True
truncate_context,both,1.0,pooled,True,True
truncate_context,both,1.0,per_tenant,True,True
truncate_context,both,1.0,ours,True,True
truncate_context,both,1.0,ours_shift_flag,True,True
truncate_context,both,1.0,ours_input,True,True
truncate_context,both,1.0,pooled,True,True
truncate_context,both,1.0,per_tenant,True,True
truncate_context,both,1.0,ours,True,True
truncate_context,both,1.0,ours_shift_flag,True,True
truncate_context,both,1.0,ours_input,True,True
truncate_context,both,1.0,pooled,True,True
truncate_context,both,1.0,per_tenant,True,True
truncate_context,both,1.0,ours,True,True
truncate_context,both,1.0,ours_shift_flag,True,True
truncate_context,both,1.0,ours_input,True,True
truncate_context,both,1.0,pooled,True,True
truncate_context,both,1.0,per_tenant,True,True
truncate_context,both,1.0,ours,True,True
truncate_context,both,1.0,ours_shift_flag,True,True
truncate_context,both,1.0,ours_input,True,True
truncate_context,both,1.0,pooled,True,True
truncate_context,both,1.0,per_tenant,True,True
truncate_context,both,1.0,ours,True,True
truncate_context,both,1.0,ours_shift_flag,True,True
truncate_context,both,1.0,ours_input,True,True
truncate_context,both,1.0,pooled,True,True
truncate_context,both,1.0,per_tenant,True,True
truncate_context,both,1.0,ours,True,True
truncate_context,both,1.0,ours_shift_flag,True,True
truncate_context,both,1.0,ours_input,True,True
truncate_context,both,1.0,pooled,True,True
truncate_context,both,1.0,per_tenant,True,True
truncate_context,both,1.0,ours,True,True
truncate_context,both,1.0,ours_shift_flag,True,True
truncate_context,both,1.0,ours_input,True,True
truncate_context,both,1.0,pooled,True,True
truncate_context,both,1.0,per_tenant,True,True
truncate_context,both,1.0,ours,True,True
truncate_context,both,1.0,ours_shift_flag,True,True
truncate_context,both,1.0,ours_input,True,True
truncate_context,both,1.0,pooled,True,True
truncate_context,both,1.0,per_tenant,True,True
truncate_context,both,1.0,ours,True,True
truncate_context,both,1.0,ours_shift_flag,True,True
truncate_context,both,1.0,ours_input,True,True
truncate_context,both,1.0,pooled,True,True
truncate_context,both,1.0,per_tenant,True,True
truncate_context,both,1.0,ours,True,True
truncate_context,both,1.0,ours_shift_flag,True,True
truncate_context,both,1.0,ours_input,True,True
truncate_context,both,1.0,pooled,True,True
truncate_context,both,1.0,per_tenant,True,True
truncate_context,both,1.0,ours,True,True
truncate_context,both,1.0,ours_shift_flag,True,True
truncate_context,both,1.0,ours_input,True,True
truncate_context,both,1.0,pooled,True,True
truncate_context,both,1.0,per_tenant,True,True
truncate_context,both,1.0,ours,True,True
truncate_context,both,1.0,ours_shift_flag,True,True
truncate_context,both,1.0,ours_input,True,True
truncate_context,both,1.0,pooled,True,True
truncate_context,both,1.0,per_tenant,True,True
truncate_context,both,1.0,ours,True,True
truncate_context,both,1.0,ours_shift_flag,True,True
truncate_context,both,1.0,ours_input,True,True
truncate_context,both,1.0,pooled,True,True
truncate_context,both,1.0,per_tenant,True,True
truncate_context,both,1.0,ours,True,True
truncate_context,both,1.0,ours_shift_flag,True,True
truncate_context,both,1.0,ours_input,True,True
truncate_context,both,1.0,pooled,True,True
truncate_context,both,1.0,per_tenant,True,True
truncate_context,both,1.0,ours,True,True
truncate_context,both,1.0,ours_shift_flag,True,True
truncate_context,both,1.0,ours_input,True,True
sampling,none,0.3,pooled,False,True
sampling,none,0.3,per_tenant,False,True
sampling,none,0.3,ours,False,True
sampling,none,0.3,ours_shift_flag,False,True
sampling,none,0.3,ours_input,False,True
sampling,none,0.3,pooled,False,True
sampling,none,0.3,per_tenant,False,True
sampling,none,0.3,ours,False,True
sampling,none,0.3,ours_shift_flag,False,True
sampling,none,0.3,ours_input,False,True
sampling,none,0.3,pooled,False,True
sampling,none,0.3,per_tenant,False,True
sampling,none,0.3,ours,False,True
sampling,none,0.3,ours_shift_flag,False,True
sampling,none,0.3,ours_input,False,True
sampling,none,0.3,pooled,False,True
sampling,none,0.3,per_tenant,False,True
sampling,none,0.3,ours,False,True
sampling,none,0.3,ours_shift_flag,False,True
sampling,none,0.3,ours_input,False,True
sampling,none,0.3,pooled,False,True
sampling,none,0.3,per_tenant,False,True
sampling,none,0.3,ours,False,True
sampling,none,0.3,ours_shift_flag,False,True
sampling,none,0.3,ours_input,False,True
sampling,none,0.3,pooled,False,True
sampling,none,0.3,per_tenant,False,True
sampling,none,0.3,ours,False,True
sampling,none,0.3,ours_shift_flag,False,True
sampling,none,0.3,ours_input,False,True
sampling,none,0.3,pooled,False,True
sampling,none,0.3,per_tenant,False,True
sampling,none,0.3,ours,False,True
sampling,none,0.3,ours_shift_flag,False,True
sampling,none,0.3,ours_input,False,True
sampling,none,0.3,pooled,False,True
sampling,none,0.3,per_tenant,False,True
sampling,none,0.3,ours,False,True
sampling,none,0.3,ours_shift_flag,False,True
sampling,none,0.3,ours_input,False,True
sampling,none,0.3,pooled,False,True
sampling,none,0.3,per_tenant,False,True
sampling,none,0.3,ours,False,True
sampling,none,0.3,ours_shift_flag,False,True
sampling,none,0.3,ours_input,False,True
sampling,none,0.3,pooled,False,True
sampling,none,0.3,per_tenant,False,True
sampling,none,0.3,ours,False,True
sampling,none,0.3,ours_shift_flag,False,True
sampling,none,0.3,ours_input,False,True
sampling,none,0.3,pooled,False,True
sampling,none,0.3,per_tenant,False,True
sampling,none,0.3,ours,False,True
sampling,none,0.3,ours_shift_flag,False,True
sampling,none,0.3,ours_input,False,True
sampling,none,0.3,pooled,False,True
sampling,none,0.3,per_tenant,False,True
sampling,none,0.3,ours,False,True
sampling,none,0.3,ours_shift_flag,False,True
sampling,none,0.3,ours_input,False,True
sampling,none,0.3,pooled,False,True
sampling,none,0.3,per_tenant,False,True
sampling,none,0.3,ours,False,True
sampling,none,0.3,ours_shift_flag,False,True
sampling,none,0.3,ours_input,False,True
sampling,none,0.3,pooled,False,True
sampling,none,0.3,per_tenant,False,True
sampling,none,0.3,ours,False,True
sampling,none,0.3,ours_shift_flag,False,True
sampling,none,0.3,ours_input,False,True
sampling,none,0.3,pooled,False,True
sampling,none,0.3,per_tenant,False,True
sampling,none,0.3,ours,False,True
sampling,none,0.3,ours_shift_flag,False,True
sampling,none,0.3,ours_input,False,True
sampling,none,0.3,pooled,False,True
sampling,none,0.3,per_tenant,False,True
sampling,none,0.3,ours,False,True
sampling,none,0.3,ours_shift_flag,False,True
sampling,none,0.3,ours_input,False,True
sampling,none,0.3,pooled,False,True
sampling,none,0.3,per_tenant,False,True
sampling,none,0.3,ours,False,True
sampling,none,0.3,ours_shift_flag,False,True
sampling,none,0.3,ours_input,False,True
sampling,none,0.3,pooled,False,True
sampling,none,0.3,per_tenant,False,True
sampling,none,0.3,ours,False,True
sampling,none,0.3,ours_shift_flag,False,True
sampling,none,0.3,ours_input,False,True
sampling,none,0.3,pooled,False,True
sampling,none,0.3,per_tenant,False,True
sampling,none,0.3,ours,False,True
sampling,none,0.3,ours_shift_flag,False,True
sampling,none,0.3,ours_input,False,True
sampling,none,0.3,pooled,False,True
sampling,none,0.3,per_tenant,False,True
sampling,none,0.3,ours,False,True
sampling,none,0.3,ours_shift_flag,False,True
sampling,none,0.3,ours_input,False,True
sampling,none,0.3,pooled,False,True
sampling,none,0.3,per_tenant,False,True
sampling,none,0.3,ours,False,True
sampling,none,0.3,ours_shift_flag,False,True
sampling,none,0.3,ours_input,False,True
sampling,none,0.3,pooled,False,True
sampling,none,0.3,per_tenant,False,True
sampling,none,0.3,ours,False,True
sampling,none,0.3,ours_shift_flag,False,True
sampling,none,0.3,ours_input,False,True
sampling,none,0.3,pooled,False,True
sampling,none,0.3,per_tenant,False,True
sampling,none,0.3,ours,False,True
sampling,none,0.3,ours_shift_flag,False,True
sampling,none,0.3,ours_input,False,True
sampling,none,0.3,pooled,False,True
sampling,none,0.3,per_tenant,False,True
sampling,none,0.3,ours,False,True
sampling,none,0.3,ours_shift_flag,False,True
sampling,none,0.3,ours_input,False,True
sampling,none,0.3,pooled,False,True
sampling,none,0.3,per_tenant,False,True
sampling,none,0.3,ours,False,True
sampling,none,0.3,ours_shift_flag,False,True
sampling,none,0.3,ours_input,False,True
sampling,none,0.3,pooled,False,True
sampling,none,0.3,per_tenant,False,True
sampling,none,0.3,ours,False,True
sampling,none,0.3,ours_shift_flag,False,True
sampling,none,0.3,ours_input,False,True
sampling,none,0.3,pooled,False,True
sampling,none,0.3,per_tenant,False,True
sampling,none,0.3,ours,False,True
sampling,none,0.3,ours_shift_flag,False,True
sampling,none,0.3,ours_input,False,True
sampling,none,0.3,pooled,False,True
sampling,none,0.3,per_tenant,False,True
sampling,none,0.3,ours,False,True
sampling,none,0.3,ours_shift_flag,False,True
sampling,none,0.3,ours_input,False,True
sampling,none,0.3,pooled,False,True
sampling,none,0.3,per_tenant,False,True
sampling,none,0.3,ours,False,True
sampling,none,0.3,ours_shift_flag,False,True
sampling,none,0.3,ours_input,False,True
sampling,none,0.3,pooled,False,True
sampling,none,0.3,per_tenant,False,True
sampling,none,0.3,ours,False,True
sampling,none,0.3,ours_shift_flag,False,True
sampling,none,0.3,ours_input,False,True
sampling,none,0.3,pooled,False,True
sampling,none,0.3,per_tenant,False,True
sampling,none,0.3,ours,False,True
sampling,none,0.3,ours_shift_flag,False,True
sampling,none,0.3,ours_input,False,True
sampling,none,0.3,pooled,False,True
sampling,none,0.3,per_tenant,False,True
sampling,none,0.3,ours,False,True
sampling,none,0.3,ours_shift_flag,False,True
sampling,none,0.3,ours_input,False,True
sampling,none,0.3,pooled,False,True
sampling,none,0.3,per_tenant,False,True
sampling,none,0.3,ours,False,True
sampling,none,0.3,ours_shift_flag,False,True
sampling,none,0.3,ours_input,False,True
sampling,none,0.3,pooled,False,True
sampling,none,0.3,per_tenant,False,True
sampling,none,0.3,ours,False,True
sampling,none,0.3,ours_shift_flag,False,True
sampling,none,0.3,ours_input,False,True
sampling,none,0.3,pooled,False,True
sampling,none,0.3,per_tenant,False,True
sampling,none,0.3,ours,False,True
sampling,none,0.3,ours_shift_flag,False,True
sampling,none,0.3,ours_input,False,True
sampling,none,0.3,pooled,False,True
sampling,none,0.3,per_tenant,False,True
sampling,none,0.3,ours,False,True
sampling,none,0.3,ours_shift_flag,False,True
sampling,none,0.3,ours_input,False,True
sampling,none,0.3,pooled,False,True
sampling,none,0.3,per_tenant,False,True
sampling,none,0.3,ours,False,True
sampling,none,0.3,ours_shift_flag,False,True
sampling,none,0.3,ours_input,False,True
sampling,none,0.3,pooled,False,True
sampling,none,0.3,per_tenant,False,True
sampling,none,0.3,ours,False,True
sampling,none,0.3,ours_shift_flag,False,True
sampling,none,0.3,ours_input,False,True
sampling,none,0.3,pooled,False,True
sampling,none,0.3,per_tenant,False,True
sampling,none,0.3,ours,False,True
sampling,none,0.3,ours_shift_flag,False,True
sampling,none,0.3,ours_input,False,True
sampling,none,0.3,pooled,False,True
sampling,none,0.3,per_tenant,False,True
sampling,none,0.3,ours,False,True
sampling,none,0.3,ours_shift_flag,False,True
sampling,none,0.3,ours_input,False,True
sampling,none,0.3,pooled,False,True
sampling,none,0.3,per_tenant,False,True
sampling,none,0.3,ours,False,True
sampling,none,0.3,ours_shift_flag,False,True
sampling,none,0.3,ours_input,False,True
sampling,none,0.3,pooled,False,True
sampling,none,0.3,per_tenant,False,True
sampling,none,0.3,ours,False,True
sampling,none,0.3,ours_shift_flag,False,True
sampling,none,0.3,ours_input,False,True
sampling,none,0.3,pooled,False,True
sampling,none,0.3,per_tenant,False,True
sampling,none,0.3,ours,False,True
sampling,none,0.3,ours_shift_flag,False,True
sampling,none,0.3,ours_input,False,True
sampling,none,0.3,pooled,False,True
sampling,none,0.3,per_tenant,False,True
sampling,none,0.3,ours,False,True
sampling,none,0.3,ours_shift_flag,False,True
sampling,none,0.3,ours_input,False,True
sampling,none,0.3,pooled,False,True
sampling,none,0.3,per_tenant,False,True
sampling,none,0.3,ours,False,True
sampling,none,0.3,ours_shift_flag,False,True
sampling,none,0.3,ours_input,False,True
sampling,none,0.3,pooled,False,True
sampling,none,0.3,per_tenant,False,True
sampling,none,0.3,ours,False,True
sampling,none,0.3,ours_shift_flag,False,True
sampling,none,0.3,ours_input,False,True
sampling,none,0.3,pooled,False,True
sampling,none,0.3,per_tenant,False,True
sampling,none,0.3,ours,False,True
sampling,none,0.3,ours_shift_flag,False,True
sampling,none,0.3,ours_input,False,True
sampling,none,0.3,pooled,False,True
sampling,none,0.3,per_tenant,False,True
sampling,none,0.3,ours,False,True
sampling,none,0.3,ours_shift_flag,False,True
sampling,none,0.3,ours_input,False,True
sampling,none,0.3,pooled,False,True
sampling,none,0.3,per_tenant,False,True
sampling,none,0.3,ours,False,True
sampling,none,0.3,ours_shift_flag,False,True
sampling,none,0.3,ours_input,False,True
sampling,none,0.3,pooled,False,True
sampling,none,0.3,per_tenant,False,True
sampling,none,0.3,ours,False,True
sampling,none,0.3,ours_shift_flag,False,True
sampling,none,0.3,ours_input,False,True
sampling,none,0.3,pooled,False,True
sampling,none,0.3,per_tenant,False,True
sampling,none,0.3,ours,False,True
sampling,none,0.3,ours_shift_flag,False,True
sampling,none,0.3,ours_input,False,True
sampling,none,0.3,pooled,False,True
sampling,none,0.3,per_tenant,False,True
sampling,none,0.3,ours,False,True
sampling,none,0.3,ours_shift_flag,False,True
sampling,none,0.3,ours_input,False,True
sampling,none,0.3,pooled,False,True
sampling,none,0.3,per_tenant,False,True
sampling,none,0.3,ours,False,True
sampling,none,0.3,ours_shift_flag,False,True
sampling,none,0.3,ours_input,False,True
sampling,none,0.3,pooled,False,True
sampling,none,0.3,per_tenant,False,True
sampling,none,0.3,ours,False,True
sampling,none,0.3,ours_shift_flag,False,True
sampling,none,0.3,ours_input,False,True
sampling,none,0.3,pooled,False,True
sampling,none,0.3,per_tenant,False,True
sampling,none,0.3,ours,False,True
sampling,none,0.3,ours_shift_flag,False,True
sampling,none,0.3,ours_input,False,True
sampling,none,0.3,pooled,False,True
sampling,none,0.3,per_tenant,False,True
sampling,none,0.3,ours,False,True
sampling,none,0.3,ours_shift_flag,False,True
sampling,none,0.3,ours_input,False,True
sampling,none,0.3,pooled,False,True
sampling,none,0.3,per_tenant,False,True
sampling,none,0.3,ours,False,True
sampling,none,0.3,ours_shift_flag,False,True
sampling,none,0.3,ours_input,False,True
sampling,none,0.3,pooled,False,True
sampling,none,0.3,per_tenant,False,True
sampling,none,0.3,ours,False,True
sampling,none,0.3,ours_shift_flag,False,True
sampling,none,0.3,ours_input,False,True
sampling,none,0.3,pooled,False,True
sampling,none,0.3,per_tenant,False,True
sampling,none,0.3,ours,False,True
sampling,none,0.3,ours_shift_flag,False,True
sampling,none,0.3,ours_input,False,True
sampling,none,0.3,pooled,False,True
sampling,none,0.3,per_tenant,False,True
sampling,none,0.3,ours,False,True
sampling,none,0.3,ours_shift_flag,False,True
sampling,none,0.3,ours_input,False,True
sampling,provider_fault,0.3,pooled,False,False
sampling,provider_fault,0.3,per_tenant,False,False
sampling,provider_fault,0.3,ours,False,False
sampling,provider_fault,0.3,ours_shift_flag,False,True
sampling,provider_fault,0.3,ours_input,False,False
sampling,provider_fault,0.3,pooled,False,False
sampling,provider_fault,0.3,per_tenant,False,False
sampling,provider_fault,0.3,ours,False,False
sampling,provider_fault,0.3,ours_shift_flag,False,True
sampling,provider_fault,0.3,ours_input,False,False
sampling,provider_fault,0.3,pooled,False,False
sampling,provider_fault,0.3,per_tenant,False,False
sampling,provider_fault,0.3,ours,False,False
sampling,provider_fault,0.3,ours_shift_flag,False,True
sampling,provider_fault,0.3,ours_input,False,False
sampling,provider_fault,0.3,pooled,False,False
sampling,provider_fault,0.3,per_tenant,False,False
sampling,provider_fault,0.3,ours,False,False
sampling,provider_fault,0.3,ours_shift_flag,False,True
sampling,provider_fault,0.3,ours_input,False,False
sampling,provider_fault,0.3,pooled,False,False
sampling,provider_fault,0.3,per_tenant,False,False
sampling,provider_fault,0.3,ours,False,False
sampling,provider_fault,0.3,ours_shift_flag,False,True
sampling,provider_fault,0.3,ours_input,False,False
sampling,provider_fault,0.3,pooled,False,False
sampling,provider_fault,0.3,per_tenant,False,False
sampling,provider_fault,0.3,ours,False,False
sampling,provider_fault,0.3,ours_shift_flag,False,True
sampling,provider_fault,0.3,ours_input,False,False
sampling,provider_fault,0.3,pooled,False,False
sampling,provider_fault,0.3,per_tenant,False,False
sampling,provider_fault,0.3,ours,False,False
sampling,provider_fault,0.3,ours_shift_flag,False,True
sampling,provider_fault,0.3,ours_input,False,False
sampling,provider_fault,0.3,pooled,False,False
sampling,provider_fault,0.3,per_tenant,False,False
sampling,provider_fault,0.3,ours,False,False
sampling,provider_fault,0.3,ours_shift_flag,False,True
sampling,provider_fault,0.3,ours_input,False,False
sampling,provider_fault,0.3,pooled,False,False
sampling,provider_fault,0.3,per_tenant,False,False
sampling,provider_fault,0.3,ours,False,False
sampling,provider_fault,0.3,ours_shift_flag,False,True
sampling,provider_fault,0.3,ours_input,False,False
sampling,provider_fault,0.3,pooled,False,False
sampling,provider_fault,0.3,per_tenant,False,False
sampling,provider_fault,0.3,ours,False,False
sampling,provider_fault,0.3,ours_shift_flag,False,True
sampling,provider_fault,0.3,ours_input,False,False
sampling,provider_fault,0.3,pooled,False,False
sampling,provider_fault,0.3,per_tenant,False,False
sampling,provider_fault,0.3,ours,False,False
sampling,provider_fault,0.3,ours_shift_flag,False,True
sampling,provider_fault,0.3,ours_input,False,False
sampling,provider_fault,0.3,pooled,False,False
sampling,provider_fault,0.3,per_tenant,False,False
sampling,provider_fault,0.3,ours,False,False
sampling,provider_fault,0.3,ours_shift_flag,False,True
sampling,provider_fault,0.3,ours_input,False,False
sampling,provider_fault,0.3,pooled,False,False
sampling,provider_fault,0.3,per_tenant,True,True
sampling,provider_fault,0.3,ours,False,False
sampling,provider_fault,0.3,ours_shift_flag,False,True
sampling,provider_fault,0.3,ours_input,False,False
sampling,provider_fault,0.3,pooled,False,False
sampling,provider_fault,0.3,per_tenant,False,False
sampling,provider_fault,0.3,ours,False,False
sampling,provider_fault,0.3,ours_shift_flag,False,True
sampling,provider_fault,0.3,ours_input,False,False
sampling,provider_fault,0.3,pooled,False,False
sampling,provider_fault,0.3,per_tenant,False,False
sampling,provider_fault,0.3,ours,False,False
sampling,provider_fault,0.3,ours_shift_flag,False,True
sampling,provider_fault,0.3,ours_input,False,False
sampling,provider_fault,0.3,pooled,False,False
sampling,provider_fault,0.3,per_tenant,False,False
sampling,provider_fault,0.3,ours,False,False
sampling,provider_fault,0.3,ours_shift_flag,False,True
sampling,provider_fault,0.3,ours_input,False,False
sampling,provider_fault,0.3,pooled,False,False
sampling,provider_fault,0.3,per_tenant,False,False
sampling,provider_fault,0.3,ours,False,False
sampling,provider_fault,0.3,ours_shift_flag,False,True
sampling,provider_fault,0.3,ours_input,False,False
sampling,provider_fault,0.3,pooled,False,False
sampling,provider_fault,0.3,per_tenant,False,False
sampling,provider_fault,0.3,ours,False,False
sampling,provider_fault,0.3,ours_shift_flag,False,True
sampling,provider_fault,0.3,ours_input,False,False
sampling,provider_fault,0.3,pooled,False,False
sampling,provider_fault,0.3,per_tenant,False,False
sampling,provider_fault,0.3,ours,False,False
sampling,provider_fault,0.3,ours_shift_flag,False,True
sampling,provider_fault,0.3,ours_input,True,True
sampling,provider_fault,0.3,pooled,False,False
sampling,provider_fault,0.3,per_tenant,False,False
sampling,provider_fault,0.3,ours,False,False
sampling,provider_fault,0.3,ours_shift_flag,False,True
sampling,provider_fault,0.3,ours_input,False,False
sampling,provider_fault,0.3,pooled,False,False
sampling,provider_fault,0.3,per_tenant,False,False
sampling,provider_fault,0.3,ours,False,False
sampling,provider_fault,0.3,ours_shift_flag,False,True
sampling,provider_fault,0.3,ours_input,False,False
sampling,provider_fault,0.3,pooled,False,False
sampling,provider_fault,0.3,per_tenant,False,False
sampling,provider_fault,0.3,ours,False,False
sampling,provider_fault,0.3,ours_shift_flag,False,True
sampling,provider_fault,0.3,ours_input,False,False
sampling,provider_fault,0.3,pooled,False,False
sampling,provider_fault,0.3,per_tenant,False,False
sampling,provider_fault,0.3,ours,False,False
sampling,provider_fault,0.3,ours_shift_flag,False,True
sampling,provider_fault,0.3,ours_input,False,False
sampling,provider_fault,0.3,pooled,False,False
sampling,provider_fault,0.3,per_tenant,False,False
sampling,provider_fault,0.3,ours,False,False
sampling,provider_fault,0.3,ours_shift_flag,False,True
sampling,provider_fault,0.3,ours_input,False,False
sampling,provider_fault,0.3,pooled,False,False
sampling,provider_fault,0.3,per_tenant,False,False
sampling,provider_fault,0.3,ours,False,False
sampling,provider_fault,0.3,ours_shift_flag,False,True
sampling,provider_fault,0.3,ours_input,False,False
sampling,provider_fault,0.3,pooled,False,False
sampling,provider_fault,0.3,per_tenant,False,False
sampling,provider_fault,0.3,ours,False,False
sampling,provider_fault,0.3,ours_shift_flag,False,True
sampling,provider_fault,0.3,ours_input,False,False
sampling,provider_fault,0.3,pooled,True,True
sampling,provider_fault,0.3,per_tenant,False,False
sampling,provider_fault,0.3,ours,True,True
sampling,provider_fault,0.3,ours_shift_flag,False,True
sampling,provider_fault,0.3,ours_input,True,True
sampling,provider_fault,0.3,pooled,False,False
sampling,provider_fault,0.3,per_tenant,False,False
sampling,provider_fault,0.3,ours,False,False
sampling,provider_fault,0.3,ours_shift_flag,False,True
sampling,provider_fault,0.3,ours_input,False,False
sampling,provider_fault,0.3,pooled,False,False
sampling,provider_fault,0.3,per_tenant,False,False
sampling,provider_fault,0.3,ours,False,False
sampling,provider_fault,0.3,ours_shift_flag,False,True
sampling,provider_fault,0.3,ours_input,False,False
sampling,provider_fault,0.3,pooled,False,False
sampling,provider_fault,0.3,per_tenant,False,False
sampling,provider_fault,0.3,ours,False,False
sampling,provider_fault,0.3,ours_shift_flag,False,True
sampling,provider_fault,0.3,ours_input,False,False
sampling,provider_fault,0.3,pooled,False,False
sampling,provider_fault,0.3,per_tenant,False,False
sampling,provider_fault,0.3,ours,False,False
sampling,provider_fault,0.3,ours_shift_flag,False,True
sampling,provider_fault,0.3,ours_input,False,False
sampling,provider_fault,0.3,pooled,False,False
sampling,provider_fault,0.3,per_tenant,True,True
sampling,provider_fault,0.3,ours,False,False
sampling,provider_fault,0.3,ours_shift_flag,False,True
sampling,provider_fault,0.3,ours_input,False,False
sampling,provider_fault,0.3,pooled,False,False
sampling,provider_fault,0.3,per_tenant,False,False
sampling,provider_fault,0.3,ours,False,False
sampling,provider_fault,0.3,ours_shift_flag,False,True
sampling,provider_fault,0.3,ours_input,False,False
sampling,provider_fault,0.3,pooled,False,False
sampling,provider_fault,0.3,per_tenant,False,False
sampling,provider_fault,0.3,ours,False,False
sampling,provider_fault,0.3,ours_shift_flag,False,True
sampling,provider_fault,0.3,ours_input,False,False
sampling,provider_fault,0.3,pooled,False,False
sampling,provider_fault,0.3,per_tenant,False,False
sampling,provider_fault,0.3,ours,False,False
sampling,provider_fault,0.3,ours_shift_flag,False,True
sampling,provider_fault,0.3,ours_input,False,False
sampling,provider_fault,0.3,pooled,False,False
sampling,provider_fault,0.3,per_tenant,False,False
sampling,provider_fault,0.3,ours,False,False
sampling,provider_fault,0.3,ours_shift_flag,False,True
sampling,provider_fault,0.3,ours_input,False,False
sampling,provider_fault,0.3,pooled,False,False
sampling,provider_fault,0.3,per_tenant,False,False
sampling,provider_fault,0.3,ours,False,False
sampling,provider_fault,0.3,ours_shift_flag,False,True
sampling,provider_fault,0.3,ours_input,True,True
sampling,provider_fault,0.3,pooled,False,False
sampling,provider_fault,0.3,per_tenant,False,False
sampling,provider_fault,0.3,ours,False,False
sampling,provider_fault,0.3,ours_shift_flag,False,True
sampling,provider_fault,0.3,ours_input,False,False
sampling,provider_fault,0.3,pooled,False,False
sampling,provider_fault,0.3,per_tenant,True,True
sampling,provider_fault,0.3,ours,False,False
sampling,provider_fault,0.3,ours_shift_flag,False,True
sampling,provider_fault,0.3,ours_input,False,False
sampling,provider_fault,0.3,pooled,False,False
sampling,provider_fault,0.3,per_tenant,False,False
sampling,provider_fault,0.3,ours,False,False
sampling,provider_fault,0.3,ours_shift_flag,False,True
sampling,provider_fault,0.3,ours_input,False,False
sampling,provider_fault,0.3,pooled,False,False
sampling,provider_fault,0.3,per_tenant,False,False
sampling,provider_fault,0.3,ours,False,False
sampling,provider_fault,0.3,ours_shift_flag,False,True
sampling,provider_fault,0.3,ours_input,False,False
sampling,provider_fault,0.3,pooled,False,False
sampling,provider_fault,0.3,per_tenant,False,False
sampling,provider_fault,0.3,ours,False,False
sampling,provider_fault,0.3,ours_shift_flag,False,True
sampling,provider_fault,0.3,ours_input,False,False
sampling,provider_fault,0.3,pooled,False,False
sampling,provider_fault,0.3,per_tenant,False,False
sampling,provider_fault,0.3,ours,False,False
sampling,provider_fault,0.3,ours_shift_flag,False,True
sampling,provider_fault,0.3,ours_input,False,False
sampling,provider_fault,0.3,pooled,False,False
sampling,provider_fault,0.3,per_tenant,False,False
sampling,provider_fault,0.3,ours,False,False
sampling,provider_fault,0.3,ours_shift_flag,False,True
sampling,provider_fault,0.3,ours_input,False,False
sampling,provider_fault,0.3,pooled,True,True
sampling,provider_fault,0.3,per_tenant,False,False
sampling,provider_fault,0.3,ours,True,True
sampling,provider_fault,0.3,ours_shift_flag,False,True
sampling,provider_fault,0.3,ours_input,True,True
sampling,provider_fault,0.3,pooled,False,False
sampling,provider_fault,0.3,per_tenant,False,False
sampling,provider_fault,0.3,ours,False,False
sampling,provider_fault,0.3,ours_shift_flag,False,True
sampling,provider_fault,0.3,ours_input,False,False
sampling,provider_fault,0.3,pooled,False,False
sampling,provider_fault,0.3,per_tenant,True,True
sampling,provider_fault,0.3,ours,False,False
sampling,provider_fault,0.3,ours_shift_flag,False,True
sampling,provider_fault,0.3,ours_input,False,False
sampling,provider_fault,0.3,pooled,False,False
sampling,provider_fault,0.3,per_tenant,False,False
sampling,provider_fault,0.3,ours,False,False
sampling,provider_fault,0.3,ours_shift_flag,False,True
sampling,provider_fault,0.3,ours_input,False,False
sampling,provider_fault,0.3,pooled,False,False
sampling,provider_fault,0.3,per_tenant,False,False
sampling,provider_fault,0.3,ours,False,False
sampling,provider_fault,0.3,ours_shift_flag,False,True
sampling,provider_fault,0.3,ours_input,False,False
sampling,provider_fault,0.3,pooled,False,False
sampling,provider_fault,0.3,per_tenant,False,False
sampling,provider_fault,0.3,ours,False,False
sampling,provider_fault,0.3,ours_shift_flag,False,True
sampling,provider_fault,0.3,ours_input,False,False
sampling,provider_fault,0.3,pooled,False,False
sampling,provider_fault,0.3,per_tenant,False,False
sampling,provider_fault,0.3,ours,False,False
sampling,provider_fault,0.3,ours_shift_flag,False,True
sampling,provider_fault,0.3,ours_input,False,False
sampling,provider_fault,0.3,pooled,False,False
sampling,provider_fault,0.3,per_tenant,False,False
sampling,provider_fault,0.3,ours,False,False
sampling,provider_fault,0.3,ours_shift_flag,False,True
sampling,provider_fault,0.3,ours_input,False,False
sampling,provider_fault,0.3,pooled,False,False
sampling,provider_fault,0.3,per_tenant,False,False
sampling,provider_fault,0.3,ours,False,False
sampling,provider_fault,0.3,ours_shift_flag,False,True
sampling,provider_fault,0.3,ours_input,False,False
sampling,provider_fault,0.3,pooled,False,False
sampling,provider_fault,0.3,per_tenant,False,False
sampling,provider_fault,0.3,ours,False,False
sampling,provider_fault,0.3,ours_shift_flag,False,True
sampling,provider_fault,0.3,ours_input,False,False
sampling,provider_fault,0.3,pooled,False,False
sampling,provider_fault,0.3,per_tenant,False,False
sampling,provider_fault,0.3,ours,False,False
sampling,provider_fault,0.3,ours_shift_flag,False,True
sampling,provider_fault,0.3,ours_input,False,False
sampling,provider_fault,0.3,pooled,False,False
sampling,provider_fault,0.3,per_tenant,False,False
sampling,provider_fault,0.3,ours,False,False
sampling,provider_fault,0.3,ours_shift_flag,False,True
sampling,provider_fault,0.3,ours_input,False,False
sampling,provider_fault,0.3,pooled,False,False
sampling,provider_fault,0.3,per_tenant,False,False
sampling,provider_fault,0.3,ours,False,False
sampling,provider_fault,0.3,ours_shift_flag,False,True
sampling,provider_fault,0.3,ours_input,False,False
sampling,provider_fault,0.3,pooled,False,False
sampling,provider_fault,0.3,per_tenant,False,False
sampling,provider_fault,0.3,ours,False,False
sampling,provider_fault,0.3,ours_shift_flag,False,True
sampling,provider_fault,0.3,ours_input,False,False
sampling,provider_fault,0.3,pooled,False,False
sampling,provider_fault,0.3,per_tenant,False,False
sampling,provider_fault,0.3,ours,False,False
sampling,provider_fault,0.3,ours_shift_flag,False,True
sampling,provider_fault,0.3,ours_input,False,False
sampling,provider_fault,0.3,pooled,False,False
sampling,provider_fault,0.3,per_tenant,False,False
sampling,provider_fault,0.3,ours,False,False
sampling,provider_fault,0.3,ours_shift_flag,False,True
sampling,provider_fault,0.3,ours_input,False,False
sampling,traffic_shift,0.3,pooled,True,False
sampling,traffic_shift,0.3,per_tenant,True,False
sampling,traffic_shift,0.3,ours,True,False
sampling,traffic_shift,0.3,ours_shift_flag,True,True
sampling,traffic_shift,0.3,ours_input,False,True
sampling,traffic_shift,0.3,pooled,True,False
sampling,traffic_shift,0.3,per_tenant,True,False
sampling,traffic_shift,0.3,ours,True,False
sampling,traffic_shift,0.3,ours_shift_flag,True,True
sampling,traffic_shift,0.3,ours_input,False,True
sampling,traffic_shift,0.3,pooled,True,False
sampling,traffic_shift,0.3,per_tenant,True,False
sampling,traffic_shift,0.3,ours,True,False
sampling,traffic_shift,0.3,ours_shift_flag,True,True
sampling,traffic_shift,0.3,ours_input,False,True
sampling,traffic_shift,0.3,pooled,True,False
sampling,traffic_shift,0.3,per_tenant,True,False
sampling,traffic_shift,0.3,ours,True,False
sampling,traffic_shift,0.3,ours_shift_flag,True,True
sampling,traffic_shift,0.3,ours_input,False,True
sampling,traffic_shift,0.3,pooled,True,False
sampling,traffic_shift,0.3,per_tenant,True,False
sampling,traffic_shift,0.3,ours,True,False
sampling,traffic_shift,0.3,ours_shift_flag,True,True
sampling,traffic_shift,0.3,ours_input,False,True
sampling,traffic_shift,0.3,pooled,True,False
sampling,traffic_shift,0.3,per_tenant,True,False
sampling,traffic_shift,0.3,ours,True,False
sampling,traffic_shift,0.3,ours_shift_flag,True,True
sampling,traffic_shift,0.3,ours_input,False,True
sampling,traffic_shift,0.3,pooled,True,False
sampling,traffic_shift,0.3,per_tenant,True,False
sampling,traffic_shift,0.3,ours,True,False
sampling,traffic_shift,0.3,ours_shift_flag,True,True
sampling,traffic_shift,0.3,ours_input,False,True
sampling,traffic_shift,0.3,pooled,True,False
sampling,traffic_shift,0.3,per_tenant,True,False
sampling,traffic_shift,0.3,ours,True,False
sampling,traffic_shift,0.3,ours_shift_flag,True,True
sampling,traffic_shift,0.3,ours_input,False,True
sampling,traffic_shift,0.3,pooled,True,False
sampling,traffic_shift,0.3,per_tenant,True,False
sampling,traffic_shift,0.3,ours,True,False
sampling,traffic_shift,0.3,ours_shift_flag,True,True
sampling,traffic_shift,0.3,ours_input,False,True
sampling,traffic_shift,0.3,pooled,True,False
sampling,traffic_shift,0.3,per_tenant,True,False
sampling,traffic_shift,0.3,ours,True,False
sampling,traffic_shift,0.3,ours_shift_flag,True,True
sampling,traffic_shift,0.3,ours_input,False,True
sampling,traffic_shift,0.3,pooled,True,False
sampling,traffic_shift,0.3,per_tenant,True,False
sampling,traffic_shift,0.3,ours,True,False
sampling,traffic_shift,0.3,ours_shift_flag,True,True
sampling,traffic_shift,0.3,ours_input,False,True
sampling,traffic_shift,0.3,pooled,True,False
sampling,traffic_shift,0.3,per_tenant,True,False
sampling,traffic_shift,0.3,ours,True,False
sampling,traffic_shift,0.3,ours_shift_flag,True,True
sampling,traffic_shift,0.3,ours_input,False,True
sampling,traffic_shift,0.3,pooled,True,False
sampling,traffic_shift,0.3,per_tenant,True,False
sampling,traffic_shift,0.3,ours,True,False
sampling,traffic_shift,0.3,ours_shift_flag,True,True
sampling,traffic_shift,0.3,ours_input,False,True
sampling,traffic_shift,0.3,pooled,True,False
sampling,traffic_shift,0.3,per_tenant,True,False
sampling,traffic_shift,0.3,ours,True,False
sampling,traffic_shift,0.3,ours_shift_flag,True,True
sampling,traffic_shift,0.3,ours_input,False,True
sampling,traffic_shift,0.3,pooled,True,False
sampling,traffic_shift,0.3,per_tenant,True,False
sampling,traffic_shift,0.3,ours,True,False
sampling,traffic_shift,0.3,ours_shift_flag,True,True
sampling,traffic_shift,0.3,ours_input,False,True
sampling,traffic_shift,0.3,pooled,True,False
sampling,traffic_shift,0.3,per_tenant,True,False
sampling,traffic_shift,0.3,ours,True,False
sampling,traffic_shift,0.3,ours_shift_flag,True,True
sampling,traffic_shift,0.3,ours_input,False,True
sampling,traffic_shift,0.3,pooled,True,False
sampling,traffic_shift,0.3,per_tenant,True,False
sampling,traffic_shift,0.3,ours,True,False
sampling,traffic_shift,0.3,ours_shift_flag,True,True
sampling,traffic_shift,0.3,ours_input,False,True
sampling,traffic_shift,0.3,pooled,True,False
sampling,traffic_shift,0.3,per_tenant,True,False
sampling,traffic_shift,0.3,ours,True,False
sampling,traffic_shift,0.3,ours_shift_flag,True,True
sampling,traffic_shift,0.3,ours_input,False,True
sampling,traffic_shift,0.3,pooled,True,False
sampling,traffic_shift,0.3,per_tenant,True,False
sampling,traffic_shift,0.3,ours,True,False
sampling,traffic_shift,0.3,ours_shift_flag,True,True
sampling,traffic_shift,0.3,ours_input,False,True
sampling,traffic_shift,0.3,pooled,True,False
sampling,traffic_shift,0.3,per_tenant,True,False
sampling,traffic_shift,0.3,ours,True,False
sampling,traffic_shift,0.3,ours_shift_flag,True,True
sampling,traffic_shift,0.3,ours_input,False,True
sampling,traffic_shift,0.3,pooled,True,False
sampling,traffic_shift,0.3,per_tenant,True,False
sampling,traffic_shift,0.3,ours,True,False
sampling,traffic_shift,0.3,ours_shift_flag,True,True
sampling,traffic_shift,0.3,ours_input,False,True
sampling,traffic_shift,0.3,pooled,True,False
sampling,traffic_shift,0.3,per_tenant,True,False
sampling,traffic_shift,0.3,ours,True,False
sampling,traffic_shift,0.3,ours_shift_flag,True,True
sampling,traffic_shift,0.3,ours_input,False,True
sampling,traffic_shift,0.3,pooled,True,False
sampling,traffic_shift,0.3,per_tenant,True,False
sampling,traffic_shift,0.3,ours,True,False
sampling,traffic_shift,0.3,ours_shift_flag,True,True
sampling,traffic_shift,0.3,ours_input,False,True
sampling,traffic_shift,0.3,pooled,True,False
sampling,traffic_shift,0.3,per_tenant,True,False
sampling,traffic_shift,0.3,ours,True,False
sampling,traffic_shift,0.3,ours_shift_flag,True,True
sampling,traffic_shift,0.3,ours_input,False,True
sampling,traffic_shift,0.3,pooled,True,False
sampling,traffic_shift,0.3,per_tenant,True,False
sampling,traffic_shift,0.3,ours,True,False
sampling,traffic_shift,0.3,ours_shift_flag,True,True
sampling,traffic_shift,0.3,ours_input,False,True
sampling,traffic_shift,0.3,pooled,True,False
sampling,traffic_shift,0.3,per_tenant,True,False
sampling,traffic_shift,0.3,ours,True,False
sampling,traffic_shift,0.3,ours_shift_flag,True,True
sampling,traffic_shift,0.3,ours_input,False,True
sampling,traffic_shift,0.3,pooled,True,False
sampling,traffic_shift,0.3,per_tenant,True,False
sampling,traffic_shift,0.3,ours,True,False
sampling,traffic_shift,0.3,ours_shift_flag,True,True
sampling,traffic_shift,0.3,ours_input,False,True
sampling,traffic_shift,0.3,pooled,True,False
sampling,traffic_shift,0.3,per_tenant,True,False
sampling,traffic_shift,0.3,ours,True,False
sampling,traffic_shift,0.3,ours_shift_flag,True,True
sampling,traffic_shift,0.3,ours_input,False,True
sampling,traffic_shift,0.3,pooled,True,False
sampling,traffic_shift,0.3,per_tenant,True,False
sampling,traffic_shift,0.3,ours,True,False
sampling,traffic_shift,0.3,ours_shift_flag,True,True
sampling,traffic_shift,0.3,ours_input,False,True
sampling,traffic_shift,0.3,pooled,True,False
sampling,traffic_shift,0.3,per_tenant,True,False
sampling,traffic_shift,0.3,ours,True,False
sampling,traffic_shift,0.3,ours_shift_flag,True,True
sampling,traffic_shift,0.3,ours_input,False,True
sampling,traffic_shift,0.3,pooled,True,False
sampling,traffic_shift,0.3,per_tenant,True,False
sampling,traffic_shift,0.3,ours,True,False
sampling,traffic_shift,0.3,ours_shift_flag,True,True
sampling,traffic_shift,0.3,ours_input,False,True
sampling,traffic_shift,0.3,pooled,True,False
sampling,traffic_shift,0.3,per_tenant,True,False
sampling,traffic_shift,0.3,ours,True,False
sampling,traffic_shift,0.3,ours_shift_flag,True,True
sampling,traffic_shift,0.3,ours_input,False,True
sampling,traffic_shift,0.3,pooled,True,False
sampling,traffic_shift,0.3,per_tenant,True,False
sampling,traffic_shift,0.3,ours,True,False
sampling,traffic_shift,0.3,ours_shift_flag,True,True
sampling,traffic_shift,0.3,ours_input,False,True
sampling,traffic_shift,0.3,pooled,True,False
sampling,traffic_shift,0.3,per_tenant,True,False
sampling,traffic_shift,0.3,ours,True,False
sampling,traffic_shift,0.3,ours_shift_flag,True,True
sampling,traffic_shift,0.3,ours_input,False,True
sampling,traffic_shift,0.3,pooled,True,False
sampling,traffic_shift,0.3,per_tenant,True,False
sampling,traffic_shift,0.3,ours,True,False
sampling,traffic_shift,0.3,ours_shift_flag,True,True
sampling,traffic_shift,0.3,ours_input,False,True
sampling,traffic_shift,0.3,pooled,True,False
sampling,traffic_shift,0.3,per_tenant,True,False
sampling,traffic_shift,0.3,ours,True,False
sampling,traffic_shift,0.3,ours_shift_flag,True,True
sampling,traffic_shift,0.3,ours_input,False,True
sampling,traffic_shift,0.3,pooled,True,False
sampling,traffic_shift,0.3,per_tenant,True,False
sampling,traffic_shift,0.3,ours,True,False
sampling,traffic_shift,0.3,ours_shift_flag,True,True
sampling,traffic_shift,0.3,ours_input,False,True
sampling,traffic_shift,0.3,pooled,True,False
sampling,traffic_shift,0.3,per_tenant,True,False
sampling,traffic_shift,0.3,ours,True,False
sampling,traffic_shift,0.3,ours_shift_flag,True,True
sampling,traffic_shift,0.3,ours_input,False,True
sampling,traffic_shift,0.3,pooled,True,False
sampling,traffic_shift,0.3,per_tenant,True,False
sampling,traffic_shift,0.3,ours,True,False
sampling,traffic_shift,0.3,ours_shift_flag,True,True
sampling,traffic_shift,0.3,ours_input,False,True
sampling,traffic_shift,0.3,pooled,True,False
sampling,traffic_shift,0.3,per_tenant,True,False
sampling,traffic_shift,0.3,ours,True,False
sampling,traffic_shift,0.3,ours_shift_flag,True,True
sampling,traffic_shift,0.3,ours_input,False,True
sampling,traffic_shift,0.3,pooled,True,False
sampling,traffic_shift,0.3,per_tenant,True,False
sampling,traffic_shift,0.3,ours,True,False
sampling,traffic_shift,0.3,ours_shift_flag,True,True
sampling,traffic_shift,0.3,ours_input,False,True
sampling,traffic_shift,0.3,pooled,True,False
sampling,traffic_shift,0.3,per_tenant,True,False
sampling,traffic_shift,0.3,ours,True,False
sampling,traffic_shift,0.3,ours_shift_flag,True,True
sampling,traffic_shift,0.3,ours_input,False,True
sampling,traffic_shift,0.3,pooled,True,False
sampling,traffic_shift,0.3,per_tenant,True,False
sampling,traffic_shift,0.3,ours,True,False
sampling,traffic_shift,0.3,ours_shift_flag,True,True
sampling,traffic_shift,0.3,ours_input,False,True
sampling,traffic_shift,0.3,pooled,True,False
sampling,traffic_shift,0.3,per_tenant,True,False
sampling,traffic_shift,0.3,ours,True,False
sampling,traffic_shift,0.3,ours_shift_flag,True,True
sampling,traffic_shift,0.3,ours_input,False,True
sampling,traffic_shift,0.3,pooled,True,False
sampling,traffic_shift,0.3,per_tenant,True,False
sampling,traffic_shift,0.3,ours,True,False
sampling,traffic_shift,0.3,ours_shift_flag,True,True
sampling,traffic_shift,0.3,ours_input,False,True
sampling,traffic_shift,0.3,pooled,True,False
sampling,traffic_shift,0.3,per_tenant,True,False
sampling,traffic_shift,0.3,ours,True,False
sampling,traffic_shift,0.3,ours_shift_flag,True,True
sampling,traffic_shift,0.3,ours_input,False,True
sampling,traffic_shift,0.3,pooled,True,False
sampling,traffic_shift,0.3,per_tenant,True,False
sampling,traffic_shift,0.3,ours,True,False
sampling,traffic_shift,0.3,ours_shift_flag,True,True
sampling,traffic_shift,0.3,ours_input,False,True
sampling,traffic_shift,0.3,pooled,True,False
sampling,traffic_shift,0.3,per_tenant,True,False
sampling,traffic_shift,0.3,ours,True,False
sampling,traffic_shift,0.3,ours_shift_flag,True,True
sampling,traffic_shift,0.3,ours_input,False,True
sampling,traffic_shift,0.3,pooled,True,False
sampling,traffic_shift,0.3,per_tenant,True,False
sampling,traffic_shift,0.3,ours,True,False
sampling,traffic_shift,0.3,ours_shift_flag,True,True
sampling,traffic_shift,0.3,ours_input,False,True
sampling,traffic_shift,0.3,pooled,True,False
sampling,traffic_shift,0.3,per_tenant,True,False
sampling,traffic_shift,0.3,ours,True,False
sampling,traffic_shift,0.3,ours_shift_flag,True,True
sampling,traffic_shift,0.3,ours_input,False,True
sampling,traffic_shift,0.3,pooled,True,False
sampling,traffic_shift,0.3,per_tenant,True,False
sampling,traffic_shift,0.3,ours,True,False
sampling,traffic_shift,0.3,ours_shift_flag,True,True
sampling,traffic_shift,0.3,ours_input,False,True
sampling,traffic_shift,0.3,pooled,True,False
sampling,traffic_shift,0.3,per_tenant,True,False
sampling,traffic_shift,0.3,ours,True,False
sampling,traffic_shift,0.3,ours_shift_flag,True,True
sampling,traffic_shift,0.3,ours_input,False,True
sampling,traffic_shift,0.3,pooled,True,False
sampling,traffic_shift,0.3,per_tenant,True,False
sampling,traffic_shift,0.3,ours,True,False
sampling,traffic_shift,0.3,ours_shift_flag,True,True
sampling,traffic_shift,0.3,ours_input,False,True
sampling,traffic_shift,0.3,pooled,True,False
sampling,traffic_shift,0.3,per_tenant,True,False
sampling,traffic_shift,0.3,ours,True,False
sampling,traffic_shift,0.3,ours_shift_flag,True,True
sampling,traffic_shift,0.3,ours_input,False,True
sampling,traffic_shift,0.3,pooled,True,False
sampling,traffic_shift,0.3,per_tenant,True,False
sampling,traffic_shift,0.3,ours,True,False
sampling,traffic_shift,0.3,ours_shift_flag,True,True
sampling,traffic_shift,0.3,ours_input,False,True
sampling,traffic_shift,0.3,pooled,True,False
sampling,traffic_shift,0.3,per_tenant,True,False
sampling,traffic_shift,0.3,ours,True,False
sampling,traffic_shift,0.3,ours_shift_flag,True,True
sampling,traffic_shift,0.3,ours_input,False,True
sampling,traffic_shift,0.3,pooled,True,False
sampling,traffic_shift,0.3,per_tenant,True,False
sampling,traffic_shift,0.3,ours,True,False
sampling,traffic_shift,0.3,ours_shift_flag,True,True
sampling,traffic_shift,0.3,ours_input,False,True
sampling,traffic_shift,0.3,pooled,True,False
sampling,traffic_shift,0.3,per_tenant,True,False
sampling,traffic_shift,0.3,ours,True,False
sampling,traffic_shift,0.3,ours_shift_flag,True,True
sampling,traffic_shift,0.3,ours_input,False,True
sampling,traffic_shift,0.3,pooled,True,False
sampling,traffic_shift,0.3,per_tenant,True,False
sampling,traffic_shift,0.3,ours,True,False
sampling,traffic_shift,0.3,ours_shift_flag,True,True
sampling,traffic_shift,0.3,ours_input,False,True
sampling,traffic_shift,0.3,pooled,True,False
sampling,traffic_shift,0.3,per_tenant,True,False
sampling,traffic_shift,0.3,ours,True,False
sampling,traffic_shift,0.3,ours_shift_flag,True,True
sampling,traffic_shift,0.3,ours_input,False,True
sampling,both,0.3,pooled,True,True
sampling,both,0.3,per_tenant,True,True
sampling,both,0.3,ours,True,True
sampling,both,0.3,ours_shift_flag,True,True
sampling,both,0.3,ours_input,False,False
sampling,both,0.3,pooled,True,True
sampling,both,0.3,per_tenant,True,True
sampling,both,0.3,ours,True,True
sampling,both,0.3,ours_shift_flag,True,True
sampling,both,0.3,ours_input,False,False
sampling,both,0.3,pooled,True,True
sampling,both,0.3,per_tenant,True,True
sampling,both,0.3,ours,True,True
sampling,both,0.3,ours_shift_flag,True,True
sampling,both,0.3,ours_input,False,False
sampling,both,0.3,pooled,True,True
sampling,both,0.3,per_tenant,True,True
sampling,both,0.3,ours,True,True
sampling,both,0.3,ours_shift_flag,True,True
sampling,both,0.3,ours_input,False,False
sampling,both,0.3,pooled,True,True
sampling,both,0.3,per_tenant,True,True
sampling,both,0.3,ours,True,True
sampling,both,0.3,ours_shift_flag,True,True
sampling,both,0.3,ours_input,False,False
sampling,both,0.3,pooled,True,True
sampling,both,0.3,per_tenant,True,True
sampling,both,0.3,ours,True,True
sampling,both,0.3,ours_shift_flag,True,True
sampling,both,0.3,ours_input,False,False
sampling,both,0.3,pooled,True,True
sampling,both,0.3,per_tenant,True,True
sampling,both,0.3,ours,True,True
sampling,both,0.3,ours_shift_flag,True,True
sampling,both,0.3,ours_input,True,True
sampling,both,0.3,pooled,True,True
sampling,both,0.3,per_tenant,True,True
sampling,both,0.3,ours,True,True
sampling,both,0.3,ours_shift_flag,True,True
sampling,both,0.3,ours_input,False,False
sampling,both,0.3,pooled,True,True
sampling,both,0.3,per_tenant,True,True
sampling,both,0.3,ours,True,True
sampling,both,0.3,ours_shift_flag,True,True
sampling,both,0.3,ours_input,False,False
sampling,both,0.3,pooled,True,True
sampling,both,0.3,per_tenant,True,True
sampling,both,0.3,ours,True,True
sampling,both,0.3,ours_shift_flag,True,True
sampling,both,0.3,ours_input,False,False
sampling,both,0.3,pooled,True,True
sampling,both,0.3,per_tenant,True,True
sampling,both,0.3,ours,True,True
sampling,both,0.3,ours_shift_flag,True,True
sampling,both,0.3,ours_input,False,False
sampling,both,0.3,pooled,True,True
sampling,both,0.3,per_tenant,True,True
sampling,both,0.3,ours,True,True
sampling,both,0.3,ours_shift_flag,True,True
sampling,both,0.3,ours_input,False,False
sampling,both,0.3,pooled,True,True
sampling,both,0.3,per_tenant,True,True
sampling,both,0.3,ours,True,True
sampling,both,0.3,ours_shift_flag,True,True
sampling,both,0.3,ours_input,False,False
sampling,both,0.3,pooled,True,True
sampling,both,0.3,per_tenant,True,True
sampling,both,0.3,ours,True,True
sampling,both,0.3,ours_shift_flag,True,True
sampling,both,0.3,ours_input,False,False
sampling,both,0.3,pooled,True,True
sampling,both,0.3,per_tenant,True,True
sampling,both,0.3,ours,True,True
sampling,both,0.3,ours_shift_flag,True,True
sampling,both,0.3,ours_input,True,True
sampling,both,0.3,pooled,True,True
sampling,both,0.3,per_tenant,True,True
sampling,both,0.3,ours,True,True
sampling,both,0.3,ours_shift_flag,True,True
sampling,both,0.3,ours_input,False,False
sampling,both,0.3,pooled,True,True
sampling,both,0.3,per_tenant,True,True
sampling,both,0.3,ours,True,True
sampling,both,0.3,ours_shift_flag,True,True
sampling,both,0.3,ours_input,False,False
sampling,both,0.3,pooled,True,True
sampling,both,0.3,per_tenant,True,True
sampling,both,0.3,ours,True,True
sampling,both,0.3,ours_shift_flag,True,True
sampling,both,0.3,ours_input,False,False
sampling,both,0.3,pooled,True,True
sampling,both,0.3,per_tenant,True,True
sampling,both,0.3,ours,True,True
sampling,both,0.3,ours_shift_flag,True,True
sampling,both,0.3,ours_input,False,False
sampling,both,0.3,pooled,True,True
sampling,both,0.3,per_tenant,True,True
sampling,both,0.3,ours,True,True
sampling,both,0.3,ours_shift_flag,True,True
sampling,both,0.3,ours_input,False,False
sampling,both,0.3,pooled,True,True
sampling,both,0.3,per_tenant,True,True
sampling,both,0.3,ours,True,True
sampling,both,0.3,ours_shift_flag,True,True
sampling,both,0.3,ours_input,False,False
sampling,both,0.3,pooled,True,True
sampling,both,0.3,per_tenant,True,True
sampling,both,0.3,ours,True,True
sampling,both,0.3,ours_shift_flag,True,True
sampling,both,0.3,ours_input,False,False
sampling,both,0.3,pooled,True,True
sampling,both,0.3,per_tenant,True,True
sampling,both,0.3,ours,True,True
sampling,both,0.3,ours_shift_flag,True,True
sampling,both,0.3,ours_input,False,False
sampling,both,0.3,pooled,True,True
sampling,both,0.3,per_tenant,True,True
sampling,both,0.3,ours,True,True
sampling,both,0.3,ours_shift_flag,True,True
sampling,both,0.3,ours_input,False,False
sampling,both,0.3,pooled,True,True
sampling,both,0.3,per_tenant,True,True
sampling,both,0.3,ours,True,True
sampling,both,0.3,ours_shift_flag,True,True
sampling,both,0.3,ours_input,False,False
sampling,both,0.3,pooled,True,True
sampling,both,0.3,per_tenant,True,True
sampling,both,0.3,ours,True,True
sampling,both,0.3,ours_shift_flag,True,True
sampling,both,0.3,ours_input,False,False
sampling,both,0.3,pooled,True,True
sampling,both,0.3,per_tenant,True,True
sampling,both,0.3,ours,True,True
sampling,both,0.3,ours_shift_flag,True,True
sampling,both,0.3,ours_input,False,False
sampling,both,0.3,pooled,True,True
sampling,both,0.3,per_tenant,True,True
sampling,both,0.3,ours,True,True
sampling,both,0.3,ours_shift_flag,True,True
sampling,both,0.3,ours_input,False,False
sampling,both,0.3,pooled,True,True
sampling,both,0.3,per_tenant,True,True
sampling,both,0.3,ours,True,True
sampling,both,0.3,ours_shift_flag,True,True
sampling,both,0.3,ours_input,True,True
sampling,both,0.3,pooled,True,True
sampling,both,0.3,per_tenant,True,True
sampling,both,0.3,ours,True,True
sampling,both,0.3,ours_shift_flag,True,True
sampling,both,0.3,ours_input,True,True
sampling,both,0.3,pooled,True,True
sampling,both,0.3,per_tenant,True,True
sampling,both,0.3,ours,True,True
sampling,both,0.3,ours_shift_flag,True,True
sampling,both,0.3,ours_input,False,False
sampling,both,0.3,pooled,True,True
sampling,both,0.3,per_tenant,True,True
sampling,both,0.3,ours,True,True
sampling,both,0.3,ours_shift_flag,True,True
sampling,both,0.3,ours_input,False,False
sampling,both,0.3,pooled,True,True
sampling,both,0.3,per_tenant,True,True
sampling,both,0.3,ours,True,True
sampling,both,0.3,ours_shift_flag,True,True
sampling,both,0.3,ours_input,False,False
sampling,both,0.3,pooled,True,True
sampling,both,0.3,per_tenant,True,True
sampling,both,0.3,ours,True,True
sampling,both,0.3,ours_shift_flag,True,True
sampling,both,0.3,ours_input,False,False
sampling,both,0.3,pooled,True,True
sampling,both,0.3,per_tenant,True,True
sampling,both,0.3,ours,True,True
sampling,both,0.3,ours_shift_flag,True,True
sampling,both,0.3,ours_input,False,False
sampling,both,0.3,pooled,True,True
sampling,both,0.3,per_tenant,True,True
sampling,both,0.3,ours,True,True
sampling,both,0.3,ours_shift_flag,True,True
sampling,both,0.3,ours_input,False,False
sampling,both,0.3,pooled,True,True
sampling,both,0.3,per_tenant,True,True
sampling,both,0.3,ours,True,True
sampling,both,0.3,ours_shift_flag,True,True
sampling,both,0.3,ours_input,False,False
sampling,both,0.3,pooled,True,True
sampling,both,0.3,per_tenant,True,True
sampling,both,0.3,ours,True,True
sampling,both,0.3,ours_shift_flag,True,True
sampling,both,0.3,ours_input,False,False
sampling,both,0.3,pooled,True,True
sampling,both,0.3,per_tenant,True,True
sampling,both,0.3,ours,True,True
sampling,both,0.3,ours_shift_flag,True,True
sampling,both,0.3,ours_input,False,False
sampling,both,0.3,pooled,True,True
sampling,both,0.3,per_tenant,True,True
sampling,both,0.3,ours,True,True
sampling,both,0.3,ours_shift_flag,True,True
sampling,both,0.3,ours_input,False,False
sampling,both,0.3,pooled,True,True
sampling,both,0.3,per_tenant,True,True
sampling,both,0.3,ours,True,True
sampling,both,0.3,ours_shift_flag,True,True
sampling,both,0.3,ours_input,False,False
sampling,both,0.3,pooled,True,True
sampling,both,0.3,per_tenant,True,True
sampling,both,0.3,ours,True,True
sampling,both,0.3,ours_shift_flag,True,True
sampling,both,0.3,ours_input,False,False
sampling,both,0.3,pooled,True,True
sampling,both,0.3,per_tenant,True,True
sampling,both,0.3,ours,True,True
sampling,both,0.3,ours_shift_flag,True,True
sampling,both,0.3,ours_input,True,True
sampling,both,0.3,pooled,True,True
sampling,both,0.3,per_tenant,True,True
sampling,both,0.3,ours,True,True
sampling,both,0.3,ours_shift_flag,True,True
sampling,both,0.3,ours_input,True,True
sampling,both,0.3,pooled,True,True
sampling,both,0.3,per_tenant,True,True
sampling,both,0.3,ours,True,True
sampling,both,0.3,ours_shift_flag,True,True
sampling,both,0.3,ours_input,True,True
sampling,both,0.3,pooled,True,True
sampling,both,0.3,per_tenant,True,True
sampling,both,0.3,ours,True,True
sampling,both,0.3,ours_shift_flag,True,True
sampling,both,0.3,ours_input,False,False
sampling,both,0.3,pooled,True,True
sampling,both,0.3,per_tenant,True,True
sampling,both,0.3,ours,True,True
sampling,both,0.3,ours_shift_flag,True,True
sampling,both,0.3,ours_input,False,False
sampling,both,0.3,pooled,True,True
sampling,both,0.3,per_tenant,True,True
sampling,both,0.3,ours,True,True
sampling,both,0.3,ours_shift_flag,True,True
sampling,both,0.3,ours_input,False,False
sampling,both,0.3,pooled,True,True
sampling,both,0.3,per_tenant,True,True
sampling,both,0.3,ours,True,True
sampling,both,0.3,ours_shift_flag,True,True
sampling,both,0.3,ours_input,False,False
sampling,both,0.3,pooled,True,True
sampling,both,0.3,per_tenant,True,True
sampling,both,0.3,ours,True,True
sampling,both,0.3,ours_shift_flag,True,True
sampling,both,0.3,ours_input,True,True
sampling,both,0.3,pooled,True,True
sampling,both,0.3,per_tenant,True,True
sampling,both,0.3,ours,True,True
sampling,both,0.3,ours_shift_flag,True,True
sampling,both,0.3,ours_input,False,False
sampling,both,0.3,pooled,True,True
sampling,both,0.3,per_tenant,True,True
sampling,both,0.3,ours,True,True
sampling,both,0.3,ours_shift_flag,True,True
sampling,both,0.3,ours_input,False,False
sampling,both,0.3,pooled,True,True
sampling,both,0.3,per_tenant,True,True
sampling,both,0.3,ours,True,True
sampling,both,0.3,ours_shift_flag,True,True
sampling,both,0.3,ours_input,False,False
sampling,both,0.3,pooled,True,True
sampling,both,0.3,per_tenant,True,True
sampling,both,0.3,ours,True,True
sampling,both,0.3,ours_shift_flag,True,True
sampling,both,0.3,ours_input,True,True
sampling,both,0.3,pooled,True,True
sampling,both,0.3,per_tenant,True,True
sampling,both,0.3,ours,True,True
sampling,both,0.3,ours_shift_flag,True,True
sampling,both,0.3,ours_input,False,False
sampling,both,0.3,pooled,True,True
sampling,both,0.3,per_tenant,True,True
sampling,both,0.3,ours,True,True
sampling,both,0.3,ours_shift_flag,True,True
sampling,both,0.3,ours_input,False,False
sampling,both,0.3,pooled,True,True
sampling,both,0.3,per_tenant,True,True
sampling,both,0.3,ours,True,True
sampling,both,0.3,ours_shift_flag,True,True
sampling,both,0.3,ours_input,False,False
sampling,both,0.3,pooled,True,True
sampling,both,0.3,per_tenant,True,True
sampling,both,0.3,ours,True,True
sampling,both,0.3,ours_shift_flag,True,True
sampling,both,0.3,ours_input,False,False
sampling,both,0.3,pooled,True,True
sampling,both,0.3,per_tenant,True,True
sampling,both,0.3,ours,True,True
sampling,both,0.3,ours_shift_flag,True,True
sampling,both,0.3,ours_input,False,False
sampling,both,0.3,pooled,True,True
sampling,both,0.3,per_tenant,True,True
sampling,both,0.3,ours,True,True
sampling,both,0.3,ours_shift_flag,True,True
sampling,both,0.3,ours_input,False,False
sampling,none,1.0,pooled,False,True
sampling,none,1.0,per_tenant,False,True
sampling,none,1.0,ours,False,True
sampling,none,1.0,ours_shift_flag,False,True
sampling,none,1.0,ours_input,False,True
sampling,none,1.0,pooled,False,True
sampling,none,1.0,per_tenant,False,True
sampling,none,1.0,ours,False,True
sampling,none,1.0,ours_shift_flag,False,True
sampling,none,1.0,ours_input,False,True
sampling,none,1.0,pooled,False,True
sampling,none,1.0,per_tenant,False,True
sampling,none,1.0,ours,False,True
sampling,none,1.0,ours_shift_flag,False,True
sampling,none,1.0,ours_input,False,True
sampling,none,1.0,pooled,False,True
sampling,none,1.0,per_tenant,False,True
sampling,none,1.0,ours,False,True
sampling,none,1.0,ours_shift_flag,False,True
sampling,none,1.0,ours_input,False,True
sampling,none,1.0,pooled,False,True
sampling,none,1.0,per_tenant,False,True
sampling,none,1.0,ours,False,True
sampling,none,1.0,ours_shift_flag,False,True
sampling,none,1.0,ours_input,False,True
sampling,none,1.0,pooled,False,True
sampling,none,1.0,per_tenant,False,True
sampling,none,1.0,ours,False,True
sampling,none,1.0,ours_shift_flag,False,True
sampling,none,1.0,ours_input,False,True
sampling,none,1.0,pooled,False,True
sampling,none,1.0,per_tenant,False,True
sampling,none,1.0,ours,False,True
sampling,none,1.0,ours_shift_flag,False,True
sampling,none,1.0,ours_input,False,True
sampling,none,1.0,pooled,False,True
sampling,none,1.0,per_tenant,False,True
sampling,none,1.0,ours,False,True
sampling,none,1.0,ours_shift_flag,False,True
sampling,none,1.0,ours_input,False,True
sampling,none,1.0,pooled,False,True
sampling,none,1.0,per_tenant,False,True
sampling,none,1.0,ours,False,True
sampling,none,1.0,ours_shift_flag,False,True
sampling,none,1.0,ours_input,False,True
sampling,none,1.0,pooled,False,True
sampling,none,1.0,per_tenant,False,True
sampling,none,1.0,ours,False,True
sampling,none,1.0,ours_shift_flag,False,True
sampling,none,1.0,ours_input,False,True
sampling,none,1.0,pooled,False,True
sampling,none,1.0,per_tenant,False,True
sampling,none,1.0,ours,False,True
sampling,none,1.0,ours_shift_flag,False,True
sampling,none,1.0,ours_input,False,True
sampling,none,1.0,pooled,False,True
sampling,none,1.0,per_tenant,False,True
sampling,none,1.0,ours,False,True
sampling,none,1.0,ours_shift_flag,False,True
sampling,none,1.0,ours_input,False,True
sampling,none,1.0,pooled,False,True
sampling,none,1.0,per_tenant,False,True
sampling,none,1.0,ours,False,True
sampling,none,1.0,ours_shift_flag,False,True
sampling,none,1.0,ours_input,False,True
sampling,none,1.0,pooled,False,True
sampling,none,1.0,per_tenant,False,True
sampling,none,1.0,ours,False,True
sampling,none,1.0,ours_shift_flag,False,True
sampling,none,1.0,ours_input,False,True
sampling,none,1.0,pooled,False,True
sampling,none,1.0,per_tenant,False,True
sampling,none,1.0,ours,False,True
sampling,none,1.0,ours_shift_flag,False,True
sampling,none,1.0,ours_input,False,True
sampling,none,1.0,pooled,False,True
sampling,none,1.0,per_tenant,False,True
sampling,none,1.0,ours,False,True
sampling,none,1.0,ours_shift_flag,False,True
sampling,none,1.0,ours_input,False,True
sampling,none,1.0,pooled,False,True
sampling,none,1.0,per_tenant,False,True
sampling,none,1.0,ours,False,True
sampling,none,1.0,ours_shift_flag,False,True
sampling,none,1.0,ours_input,False,True
sampling,none,1.0,pooled,False,True
sampling,none,1.0,per_tenant,False,True
sampling,none,1.0,ours,False,True
sampling,none,1.0,ours_shift_flag,False,True
sampling,none,1.0,ours_input,False,True
sampling,none,1.0,pooled,False,True
sampling,none,1.0,per_tenant,False,True
sampling,none,1.0,ours,False,True
sampling,none,1.0,ours_shift_flag,False,True
sampling,none,1.0,ours_input,False,True
sampling,none,1.0,pooled,False,True
sampling,none,1.0,per_tenant,False,True
sampling,none,1.0,ours,False,True
sampling,none,1.0,ours_shift_flag,False,True
sampling,none,1.0,ours_input,False,True
sampling,none,1.0,pooled,False,True
sampling,none,1.0,per_tenant,False,True
sampling,none,1.0,ours,False,True
sampling,none,1.0,ours_shift_flag,False,True
sampling,none,1.0,ours_input,False,True
sampling,none,1.0,pooled,False,True
sampling,none,1.0,per_tenant,False,True
sampling,none,1.0,ours,False,True
sampling,none,1.0,ours_shift_flag,False,True
sampling,none,1.0,ours_input,False,True
sampling,none,1.0,pooled,False,True
sampling,none,1.0,per_tenant,False,True
sampling,none,1.0,ours,False,True
sampling,none,1.0,ours_shift_flag,False,True
sampling,none,1.0,ours_input,False,True
sampling,none,1.0,pooled,False,True
sampling,none,1.0,per_tenant,False,True
sampling,none,1.0,ours,False,True
sampling,none,1.0,ours_shift_flag,False,True
sampling,none,1.0,ours_input,False,True
sampling,none,1.0,pooled,False,True
sampling,none,1.0,per_tenant,False,True
sampling,none,1.0,ours,False,True
sampling,none,1.0,ours_shift_flag,False,True
sampling,none,1.0,ours_input,False,True
sampling,none,1.0,pooled,False,True
sampling,none,1.0,per_tenant,False,True
sampling,none,1.0,ours,False,True
sampling,none,1.0,ours_shift_flag,False,True
sampling,none,1.0,ours_input,False,True
sampling,none,1.0,pooled,False,True
sampling,none,1.0,per_tenant,False,True
sampling,none,1.0,ours,False,True
sampling,none,1.0,ours_shift_flag,False,True
sampling,none,1.0,ours_input,False,True
sampling,none,1.0,pooled,False,True
sampling,none,1.0,per_tenant,False,True
sampling,none,1.0,ours,False,True
sampling,none,1.0,ours_shift_flag,False,True
sampling,none,1.0,ours_input,False,True
sampling,none,1.0,pooled,False,True
sampling,none,1.0,per_tenant,False,True
sampling,none,1.0,ours,False,True
sampling,none,1.0,ours_shift_flag,False,True
sampling,none,1.0,ours_input,False,True
sampling,none,1.0,pooled,False,True
sampling,none,1.0,per_tenant,False,True
sampling,none,1.0,ours,False,True
sampling,none,1.0,ours_shift_flag,False,True
sampling,none,1.0,ours_input,False,True
sampling,none,1.0,pooled,False,True
sampling,none,1.0,per_tenant,False,True
sampling,none,1.0,ours,False,True
sampling,none,1.0,ours_shift_flag,False,True
sampling,none,1.0,ours_input,False,True
sampling,none,1.0,pooled,False,True
sampling,none,1.0,per_tenant,False,True
sampling,none,1.0,ours,False,True
sampling,none,1.0,ours_shift_flag,False,True
sampling,none,1.0,ours_input,False,True
sampling,none,1.0,pooled,False,True
sampling,none,1.0,per_tenant,False,True
sampling,none,1.0,ours,False,True
sampling,none,1.0,ours_shift_flag,False,True
sampling,none,1.0,ours_input,False,True
sampling,none,1.0,pooled,False,True
sampling,none,1.0,per_tenant,False,True
sampling,none,1.0,ours,False,True
sampling,none,1.0,ours_shift_flag,False,True
sampling,none,1.0,ours_input,False,True
sampling,none,1.0,pooled,False,True
sampling,none,1.0,per_tenant,False,True
sampling,none,1.0,ours,False,True
sampling,none,1.0,ours_shift_flag,False,True
sampling,none,1.0,ours_input,False,True
sampling,none,1.0,pooled,False,True
sampling,none,1.0,per_tenant,False,True
sampling,none,1.0,ours,False,True
sampling,none,1.0,ours_shift_flag,False,True
sampling,none,1.0,ours_input,False,True
sampling,none,1.0,pooled,False,True
sampling,none,1.0,per_tenant,False,True
sampling,none,1.0,ours,False,True
sampling,none,1.0,ours_shift_flag,False,True
sampling,none,1.0,ours_input,False,True
sampling,none,1.0,pooled,False,True
sampling,none,1.0,per_tenant,False,True
sampling,none,1.0,ours,False,True
sampling,none,1.0,ours_shift_flag,False,True
sampling,none,1.0,ours_input,False,True
sampling,none,1.0,pooled,False,True
sampling,none,1.0,per_tenant,False,True
sampling,none,1.0,ours,False,True
sampling,none,1.0,ours_shift_flag,False,True
sampling,none,1.0,ours_input,False,True
sampling,none,1.0,pooled,False,True
sampling,none,1.0,per_tenant,False,True
sampling,none,1.0,ours,False,True
sampling,none,1.0,ours_shift_flag,False,True
sampling,none,1.0,ours_input,False,True
sampling,none,1.0,pooled,False,True
sampling,none,1.0,per_tenant,False,True
sampling,none,1.0,ours,False,True
sampling,none,1.0,ours_shift_flag,False,True
sampling,none,1.0,ours_input,False,True
sampling,none,1.0,pooled,False,True
sampling,none,1.0,per_tenant,False,True
sampling,none,1.0,ours,False,True
sampling,none,1.0,ours_shift_flag,False,True
sampling,none,1.0,ours_input,False,True
sampling,none,1.0,pooled,False,True
sampling,none,1.0,per_tenant,False,True
sampling,none,1.0,ours,False,True
sampling,none,1.0,ours_shift_flag,False,True
sampling,none,1.0,ours_input,False,True
sampling,none,1.0,pooled,False,True
sampling,none,1.0,per_tenant,False,True
sampling,none,1.0,ours,False,True
sampling,none,1.0,ours_shift_flag,False,True
sampling,none,1.0,ours_input,False,True
sampling,none,1.0,pooled,False,True
sampling,none,1.0,per_tenant,False,True
sampling,none,1.0,ours,False,True
sampling,none,1.0,ours_shift_flag,False,True
sampling,none,1.0,ours_input,False,True
sampling,none,1.0,pooled,False,True
sampling,none,1.0,per_tenant,False,True
sampling,none,1.0,ours,False,True
sampling,none,1.0,ours_shift_flag,False,True
sampling,none,1.0,ours_input,False,True
sampling,none,1.0,pooled,False,True
sampling,none,1.0,per_tenant,False,True
sampling,none,1.0,ours,False,True
sampling,none,1.0,ours_shift_flag,False,True
sampling,none,1.0,ours_input,False,True
sampling,none,1.0,pooled,False,True
sampling,none,1.0,per_tenant,False,True
sampling,none,1.0,ours,False,True
sampling,none,1.0,ours_shift_flag,False,True
sampling,none,1.0,ours_input,False,True
sampling,none,1.0,pooled,False,True
sampling,none,1.0,per_tenant,False,True
sampling,none,1.0,ours,False,True
sampling,none,1.0,ours_shift_flag,False,True
sampling,none,1.0,ours_input,False,True
sampling,none,1.0,pooled,False,True
sampling,none,1.0,per_tenant,False,True
sampling,none,1.0,ours,False,True
sampling,none,1.0,ours_shift_flag,False,True
sampling,none,1.0,ours_input,False,True
sampling,none,1.0,pooled,False,True
sampling,none,1.0,per_tenant,False,True
sampling,none,1.0,ours,False,True
sampling,none,1.0,ours_shift_flag,False,True
sampling,none,1.0,ours_input,False,True
sampling,none,1.0,pooled,False,True
sampling,none,1.0,per_tenant,False,True
sampling,none,1.0,ours,False,True
sampling,none,1.0,ours_shift_flag,False,True
sampling,none,1.0,ours_input,False,True
sampling,none,1.0,pooled,False,True
sampling,none,1.0,per_tenant,False,True
sampling,none,1.0,ours,False,True
sampling,none,1.0,ours_shift_flag,False,True
sampling,none,1.0,ours_input,False,True
sampling,none,1.0,pooled,False,True
sampling,none,1.0,per_tenant,False,True
sampling,none,1.0,ours,False,True
sampling,none,1.0,ours_shift_flag,False,True
sampling,none,1.0,ours_input,False,True
sampling,none,1.0,pooled,False,True
sampling,none,1.0,per_tenant,False,True
sampling,none,1.0,ours,False,True
sampling,none,1.0,ours_shift_flag,False,True
sampling,none,1.0,ours_input,False,True
sampling,none,1.0,pooled,False,True
sampling,none,1.0,per_tenant,False,True
sampling,none,1.0,ours,False,True
sampling,none,1.0,ours_shift_flag,False,True
sampling,none,1.0,ours_input,False,True
sampling,none,1.0,pooled,False,True
sampling,none,1.0,per_tenant,False,True
sampling,none,1.0,ours,False,True
sampling,none,1.0,ours_shift_flag,False,True
sampling,none,1.0,ours_input,False,True
sampling,none,1.0,pooled,False,True
sampling,none,1.0,per_tenant,False,True
sampling,none,1.0,ours,False,True
sampling,none,1.0,ours_shift_flag,False,True
sampling,none,1.0,ours_input,False,True
sampling,none,1.0,pooled,False,True
sampling,none,1.0,per_tenant,False,True
sampling,none,1.0,ours,False,True
sampling,none,1.0,ours_shift_flag,False,True
sampling,none,1.0,ours_input,False,True
sampling,none,1.0,pooled,False,True
sampling,none,1.0,per_tenant,False,True
sampling,none,1.0,ours,False,True
sampling,none,1.0,ours_shift_flag,False,True
sampling,none,1.0,ours_input,False,True
sampling,provider_fault,1.0,pooled,True,True
sampling,provider_fault,1.0,per_tenant,True,True
sampling,provider_fault,1.0,ours,True,True
sampling,provider_fault,1.0,ours_shift_flag,False,True
sampling,provider_fault,1.0,ours_input,True,True
sampling,provider_fault,1.0,pooled,True,True
sampling,provider_fault,1.0,per_tenant,True,True
sampling,provider_fault,1.0,ours,True,True
sampling,provider_fault,1.0,ours_shift_flag,False,True
sampling,provider_fault,1.0,ours_input,True,True
sampling,provider_fault,1.0,pooled,True,True
sampling,provider_fault,1.0,per_tenant,True,True
sampling,provider_fault,1.0,ours,True,True
sampling,provider_fault,1.0,ours_shift_flag,False,True
sampling,provider_fault,1.0,ours_input,True,True
sampling,provider_fault,1.0,pooled,True,True
sampling,provider_fault,1.0,per_tenant,True,True
sampling,provider_fault,1.0,ours,True,True
sampling,provider_fault,1.0,ours_shift_flag,False,True
sampling,provider_fault,1.0,ours_input,True,True
sampling,provider_fault,1.0,pooled,True,True
sampling,provider_fault,1.0,per_tenant,True,True
sampling,provider_fault,1.0,ours,True,True
sampling,provider_fault,1.0,ours_shift_flag,False,True
sampling,provider_fault,1.0,ours_input,True,True
sampling,provider_fault,1.0,pooled,True,True
sampling,provider_fault,1.0,per_tenant,True,True
sampling,provider_fault,1.0,ours,True,True
sampling,provider_fault,1.0,ours_shift_flag,False,True
sampling,provider_fault,1.0,ours_input,True,True
sampling,provider_fault,1.0,pooled,True,True
sampling,provider_fault,1.0,per_tenant,True,True
sampling,provider_fault,1.0,ours,True,True
sampling,provider_fault,1.0,ours_shift_flag,False,True
sampling,provider_fault,1.0,ours_input,True,True
sampling,provider_fault,1.0,pooled,True,True
sampling,provider_fault,1.0,per_tenant,True,True
sampling,provider_fault,1.0,ours,True,True
sampling,provider_fault,1.0,ours_shift_flag,False,True
sampling,provider_fault,1.0,ours_input,True,True
sampling,provider_fault,1.0,pooled,True,True
sampling,provider_fault,1.0,per_tenant,True,True
sampling,provider_fault,1.0,ours,True,True
sampling,provider_fault,1.0,ours_shift_flag,False,True
sampling,provider_fault,1.0,ours_input,True,True
sampling,provider_fault,1.0,pooled,True,True
sampling,provider_fault,1.0,per_tenant,True,True
sampling,provider_fault,1.0,ours,True,True
sampling,provider_fault,1.0,ours_shift_flag,False,True
sampling,provider_fault,1.0,ours_input,True,True
sampling,provider_fault,1.0,pooled,True,True
sampling,provider_fault,1.0,per_tenant,True,True
sampling,provider_fault,1.0,ours,True,True
sampling,provider_fault,1.0,ours_shift_flag,False,True
sampling,provider_fault,1.0,ours_input,True,True
sampling,provider_fault,1.0,pooled,True,True
sampling,provider_fault,1.0,per_tenant,True,True
sampling,provider_fault,1.0,ours,True,True
sampling,provider_fault,1.0,ours_shift_flag,False,True
sampling,provider_fault,1.0,ours_input,True,True
sampling,provider_fault,1.0,pooled,True,True
sampling,provider_fault,1.0,per_tenant,True,True
sampling,provider_fault,1.0,ours,True,True
sampling,provider_fault,1.0,ours_shift_flag,False,True
sampling,provider_fault,1.0,ours_input,True,True
sampling,provider_fault,1.0,pooled,True,True
sampling,provider_fault,1.0,per_tenant,True,True
sampling,provider_fault,1.0,ours,True,True
sampling,provider_fault,1.0,ours_shift_flag,False,True
sampling,provider_fault,1.0,ours_input,True,True
sampling,provider_fault,1.0,pooled,True,True
sampling,provider_fault,1.0,per_tenant,True,True
sampling,provider_fault,1.0,ours,True,True
sampling,provider_fault,1.0,ours_shift_flag,False,True
sampling,provider_fault,1.0,ours_input,True,True
sampling,provider_fault,1.0,pooled,True,True
sampling,provider_fault,1.0,per_tenant,True,True
sampling,provider_fault,1.0,ours,True,True
sampling,provider_fault,1.0,ours_shift_flag,False,True
sampling,provider_fault,1.0,ours_input,True,True
sampling,provider_fault,1.0,pooled,True,True
sampling,provider_fault,1.0,per_tenant,True,True
sampling,provider_fault,1.0,ours,True,True
sampling,provider_fault,1.0,ours_shift_flag,False,True
sampling,provider_fault,1.0,ours_input,True,True
sampling,provider_fault,1.0,pooled,True,True
sampling,provider_fault,1.0,per_tenant,True,True
sampling,provider_fault,1.0,ours,True,True
sampling,provider_fault,1.0,ours_shift_flag,False,True
sampling,provider_fault,1.0,ours_input,True,True
sampling,provider_fault,1.0,pooled,True,True
sampling,provider_fault,1.0,per_tenant,True,True
sampling,provider_fault,1.0,ours,True,True
sampling,provider_fault,1.0,ours_shift_flag,False,True
sampling,provider_fault,1.0,ours_input,True,True
sampling,provider_fault,1.0,pooled,True,True
sampling,provider_fault,1.0,per_tenant,True,True
sampling,provider_fault,1.0,ours,True,True
sampling,provider_fault,1.0,ours_shift_flag,False,True
sampling,provider_fault,1.0,ours_input,True,True
sampling,provider_fault,1.0,pooled,True,True
sampling,provider_fault,1.0,per_tenant,True,True
sampling,provider_fault,1.0,ours,True,True
sampling,provider_fault,1.0,ours_shift_flag,False,True
sampling,provider_fault,1.0,ours_input,True,True
sampling,provider_fault,1.0,pooled,True,True
sampling,provider_fault,1.0,per_tenant,True,True
sampling,provider_fault,1.0,ours,True,True
sampling,provider_fault,1.0,ours_shift_flag,False,True
sampling,provider_fault,1.0,ours_input,True,True
sampling,provider_fault,1.0,pooled,True,True
sampling,provider_fault,1.0,per_tenant,True,True
sampling,provider_fault,1.0,ours,True,True
sampling,provider_fault,1.0,ours_shift_flag,False,True
sampling,provider_fault,1.0,ours_input,True,True
sampling,provider_fault,1.0,pooled,True,True
sampling,provider_fault,1.0,per_tenant,True,True
sampling,provider_fault,1.0,ours,True,True
sampling,provider_fault,1.0,ours_shift_flag,False,True
sampling,provider_fault,1.0,ours_input,True,True
sampling,provider_fault,1.0,pooled,True,True
sampling,provider_fault,1.0,per_tenant,True,True
sampling,provider_fault,1.0,ours,True,True
sampling,provider_fault,1.0,ours_shift_flag,False,True
sampling,provider_fault,1.0,ours_input,True,True
sampling,provider_fault,1.0,pooled,True,True
sampling,provider_fault,1.0,per_tenant,True,True
sampling,provider_fault,1.0,ours,True,True
sampling,provider_fault,1.0,ours_shift_flag,False,True
sampling,provider_fault,1.0,ours_input,True,True
sampling,provider_fault,1.0,pooled,True,True
sampling,provider_fault,1.0,per_tenant,True,True
sampling,provider_fault,1.0,ours,True,True
sampling,provider_fault,1.0,ours_shift_flag,False,True
sampling,provider_fault,1.0,ours_input,True,True
sampling,provider_fault,1.0,pooled,True,True
sampling,provider_fault,1.0,per_tenant,True,True
sampling,provider_fault,1.0,ours,True,True
sampling,provider_fault,1.0,ours_shift_flag,False,True
sampling,provider_fault,1.0,ours_input,True,True
sampling,provider_fault,1.0,pooled,True,True
sampling,provider_fault,1.0,per_tenant,True,True
sampling,provider_fault,1.0,ours,True,True
sampling,provider_fault,1.0,ours_shift_flag,False,True
sampling,provider_fault,1.0,ours_input,True,True
sampling,provider_fault,1.0,pooled,True,True
sampling,provider_fault,1.0,per_tenant,True,True
sampling,provider_fault,1.0,ours,True,True
sampling,provider_fault,1.0,ours_shift_flag,False,True
sampling,provider_fault,1.0,ours_input,True,True
sampling,provider_fault,1.0,pooled,True,True
sampling,provider_fault,1.0,per_tenant,True,True
sampling,provider_fault,1.0,ours,True,True
sampling,provider_fault,1.0,ours_shift_flag,False,True
sampling,provider_fault,1.0,ours_input,True,True
sampling,provider_fault,1.0,pooled,True,True
sampling,provider_fault,1.0,per_tenant,True,True
sampling,provider_fault,1.0,ours,True,True
sampling,provider_fault,1.0,ours_shift_flag,False,True
sampling,provider_fault,1.0,ours_input,True,True
sampling,provider_fault,1.0,pooled,True,True
sampling,provider_fault,1.0,per_tenant,True,True
sampling,provider_fault,1.0,ours,True,True
sampling,provider_fault,1.0,ours_shift_flag,False,True
sampling,provider_fault,1.0,ours_input,True,True
sampling,provider_fault,1.0,pooled,True,True
sampling,provider_fault,1.0,per_tenant,True,True
sampling,provider_fault,1.0,ours,True,True
sampling,provider_fault,1.0,ours_shift_flag,False,True
sampling,provider_fault,1.0,ours_input,True,True
sampling,provider_fault,1.0,pooled,True,True
sampling,provider_fault,1.0,per_tenant,True,True
sampling,provider_fault,1.0,ours,True,True
sampling,provider_fault,1.0,ours_shift_flag,False,True
sampling,provider_fault,1.0,ours_input,True,True
sampling,provider_fault,1.0,pooled,True,True
sampling,provider_fault,1.0,per_tenant,True,True
sampling,provider_fault,1.0,ours,True,True
sampling,provider_fault,1.0,ours_shift_flag,False,True
sampling,provider_fault,1.0,ours_input,True,True
sampling,provider_fault,1.0,pooled,True,True
sampling,provider_fault,1.0,per_tenant,True,True
sampling,provider_fault,1.0,ours,True,True
sampling,provider_fault,1.0,ours_shift_flag,False,True
sampling,provider_fault,1.0,ours_input,True,True
sampling,provider_fault,1.0,pooled,True,True
sampling,provider_fault,1.0,per_tenant,True,True
sampling,provider_fault,1.0,ours,True,True
sampling,provider_fault,1.0,ours_shift_flag,False,True
sampling,provider_fault,1.0,ours_input,True,True
sampling,provider_fault,1.0,pooled,True,True
sampling,provider_fault,1.0,per_tenant,True,True
sampling,provider_fault,1.0,ours,True,True
sampling,provider_fault,1.0,ours_shift_flag,False,True
sampling,provider_fault,1.0,ours_input,True,True
sampling,provider_fault,1.0,pooled,True,True
sampling,provider_fault,1.0,per_tenant,True,True
sampling,provider_fault,1.0,ours,True,True
sampling,provider_fault,1.0,ours_shift_flag,False,True
sampling,provider_fault,1.0,ours_input,True,True
sampling,provider_fault,1.0,pooled,True,True
sampling,provider_fault,1.0,per_tenant,True,True
sampling,provider_fault,1.0,ours,True,True
sampling,provider_fault,1.0,ours_shift_flag,False,True
sampling,provider_fault,1.0,ours_input,True,True
sampling,provider_fault,1.0,pooled,True,True
sampling,provider_fault,1.0,per_tenant,True,True
sampling,provider_fault,1.0,ours,True,True
sampling,provider_fault,1.0,ours_shift_flag,False,True
sampling,provider_fault,1.0,ours_input,True,True
sampling,provider_fault,1.0,pooled,True,True
sampling,provider_fault,1.0,per_tenant,True,True
sampling,provider_fault,1.0,ours,True,True
sampling,provider_fault,1.0,ours_shift_flag,False,True
sampling,provider_fault,1.0,ours_input,True,True
sampling,provider_fault,1.0,pooled,True,True
sampling,provider_fault,1.0,per_tenant,True,True
sampling,provider_fault,1.0,ours,True,True
sampling,provider_fault,1.0,ours_shift_flag,False,True
sampling,provider_fault,1.0,ours_input,True,True
sampling,provider_fault,1.0,pooled,True,True
sampling,provider_fault,1.0,per_tenant,True,True
sampling,provider_fault,1.0,ours,True,True
sampling,provider_fault,1.0,ours_shift_flag,False,True
sampling,provider_fault,1.0,ours_input,True,True
sampling,provider_fault,1.0,pooled,True,True
sampling,provider_fault,1.0,per_tenant,True,True
sampling,provider_fault,1.0,ours,True,True
sampling,provider_fault,1.0,ours_shift_flag,False,True
sampling,provider_fault,1.0,ours_input,True,True
sampling,provider_fault,1.0,pooled,True,True
sampling,provider_fault,1.0,per_tenant,True,True
sampling,provider_fault,1.0,ours,True,True
sampling,provider_fault,1.0,ours_shift_flag,False,True
sampling,provider_fault,1.0,ours_input,True,True
sampling,provider_fault,1.0,pooled,True,True
sampling,provider_fault,1.0,per_tenant,True,True
sampling,provider_fault,1.0,ours,True,True
sampling,provider_fault,1.0,ours_shift_flag,False,True
sampling,provider_fault,1.0,ours_input,True,True
sampling,provider_fault,1.0,pooled,True,True
sampling,provider_fault,1.0,per_tenant,True,True
sampling,provider_fault,1.0,ours,True,True
sampling,provider_fault,1.0,ours_shift_flag,False,True
sampling,provider_fault,1.0,ours_input,True,True
sampling,provider_fault,1.0,pooled,True,True
sampling,provider_fault,1.0,per_tenant,True,True
sampling,provider_fault,1.0,ours,True,True
sampling,provider_fault,1.0,ours_shift_flag,False,True
sampling,provider_fault,1.0,ours_input,True,True
sampling,provider_fault,1.0,pooled,True,True
sampling,provider_fault,1.0,per_tenant,True,True
sampling,provider_fault,1.0,ours,True,True
sampling,provider_fault,1.0,ours_shift_flag,False,True
sampling,provider_fault,1.0,ours_input,True,True
sampling,provider_fault,1.0,pooled,True,True
sampling,provider_fault,1.0,per_tenant,True,True
sampling,provider_fault,1.0,ours,True,True
sampling,provider_fault,1.0,ours_shift_flag,False,True
sampling,provider_fault,1.0,ours_input,True,True
sampling,provider_fault,1.0,pooled,True,True
sampling,provider_fault,1.0,per_tenant,True,True
sampling,provider_fault,1.0,ours,True,True
sampling,provider_fault,1.0,ours_shift_flag,False,True
sampling,provider_fault,1.0,ours_input,True,True
sampling,provider_fault,1.0,pooled,True,True
sampling,provider_fault,1.0,per_tenant,True,True
sampling,provider_fault,1.0,ours,True,True
sampling,provider_fault,1.0,ours_shift_flag,False,True
sampling,provider_fault,1.0,ours_input,True,True
sampling,provider_fault,1.0,pooled,True,True
sampling,provider_fault,1.0,per_tenant,True,True
sampling,provider_fault,1.0,ours,True,True
sampling,provider_fault,1.0,ours_shift_flag,False,True
sampling,provider_fault,1.0,ours_input,True,True
sampling,provider_fault,1.0,pooled,True,True
sampling,provider_fault,1.0,per_tenant,True,True
sampling,provider_fault,1.0,ours,True,True
sampling,provider_fault,1.0,ours_shift_flag,False,True
sampling,provider_fault,1.0,ours_input,True,True
sampling,provider_fault,1.0,pooled,True,True
sampling,provider_fault,1.0,per_tenant,True,True
sampling,provider_fault,1.0,ours,True,True
sampling,provider_fault,1.0,ours_shift_flag,False,True
sampling,provider_fault,1.0,ours_input,True,True
sampling,provider_fault,1.0,pooled,True,True
sampling,provider_fault,1.0,per_tenant,True,True
sampling,provider_fault,1.0,ours,True,True
sampling,provider_fault,1.0,ours_shift_flag,False,True
sampling,provider_fault,1.0,ours_input,True,True
sampling,provider_fault,1.0,pooled,True,True
sampling,provider_fault,1.0,per_tenant,True,True
sampling,provider_fault,1.0,ours,True,True
sampling,provider_fault,1.0,ours_shift_flag,False,True
sampling,provider_fault,1.0,ours_input,True,True
sampling,provider_fault,1.0,pooled,True,True
sampling,provider_fault,1.0,per_tenant,True,True
sampling,provider_fault,1.0,ours,True,True
sampling,provider_fault,1.0,ours_shift_flag,False,True
sampling,provider_fault,1.0,ours_input,True,True
sampling,traffic_shift,1.0,pooled,True,False
sampling,traffic_shift,1.0,per_tenant,True,False
sampling,traffic_shift,1.0,ours,True,False
sampling,traffic_shift,1.0,ours_shift_flag,True,True
sampling,traffic_shift,1.0,ours_input,False,True
sampling,traffic_shift,1.0,pooled,True,False
sampling,traffic_shift,1.0,per_tenant,True,False
sampling,traffic_shift,1.0,ours,True,False
sampling,traffic_shift,1.0,ours_shift_flag,True,True
sampling,traffic_shift,1.0,ours_input,False,True
sampling,traffic_shift,1.0,pooled,True,False
sampling,traffic_shift,1.0,per_tenant,True,False
sampling,traffic_shift,1.0,ours,True,False
sampling,traffic_shift,1.0,ours_shift_flag,True,True
sampling,traffic_shift,1.0,ours_input,False,True
sampling,traffic_shift,1.0,pooled,True,False
sampling,traffic_shift,1.0,per_tenant,True,False
sampling,traffic_shift,1.0,ours,True,False
sampling,traffic_shift,1.0,ours_shift_flag,True,True
sampling,traffic_shift,1.0,ours_input,False,True
sampling,traffic_shift,1.0,pooled,True,False
sampling,traffic_shift,1.0,per_tenant,True,False
sampling,traffic_shift,1.0,ours,True,False
sampling,traffic_shift,1.0,ours_shift_flag,True,True
sampling,traffic_shift,1.0,ours_input,False,True
sampling,traffic_shift,1.0,pooled,True,False
sampling,traffic_shift,1.0,per_tenant,True,False
sampling,traffic_shift,1.0,ours,True,False
sampling,traffic_shift,1.0,ours_shift_flag,True,True
sampling,traffic_shift,1.0,ours_input,False,True
sampling,traffic_shift,1.0,pooled,True,False
sampling,traffic_shift,1.0,per_tenant,True,False
sampling,traffic_shift,1.0,ours,True,False
sampling,traffic_shift,1.0,ours_shift_flag,True,True
sampling,traffic_shift,1.0,ours_input,False,True
sampling,traffic_shift,1.0,pooled,True,False
sampling,traffic_shift,1.0,per_tenant,True,False
sampling,traffic_shift,1.0,ours,True,False
sampling,traffic_shift,1.0,ours_shift_flag,True,True
sampling,traffic_shift,1.0,ours_input,False,True
sampling,traffic_shift,1.0,pooled,True,False
sampling,traffic_shift,1.0,per_tenant,True,False
sampling,traffic_shift,1.0,ours,True,False
sampling,traffic_shift,1.0,ours_shift_flag,True,True
sampling,traffic_shift,1.0,ours_input,False,True
sampling,traffic_shift,1.0,pooled,True,False
sampling,traffic_shift,1.0,per_tenant,True,False
sampling,traffic_shift,1.0,ours,True,False
sampling,traffic_shift,1.0,ours_shift_flag,True,True
sampling,traffic_shift,1.0,ours_input,False,True
sampling,traffic_shift,1.0,pooled,True,False
sampling,traffic_shift,1.0,per_tenant,True,False
sampling,traffic_shift,1.0,ours,True,False
sampling,traffic_shift,1.0,ours_shift_flag,True,True
sampling,traffic_shift,1.0,ours_input,False,True
sampling,traffic_shift,1.0,pooled,True,False
sampling,traffic_shift,1.0,per_tenant,True,False
sampling,traffic_shift,1.0,ours,True,False
sampling,traffic_shift,1.0,ours_shift_flag,True,True
sampling,traffic_shift,1.0,ours_input,False,True
sampling,traffic_shift,1.0,pooled,True,False
sampling,traffic_shift,1.0,per_tenant,True,False
sampling,traffic_shift,1.0,ours,True,False
sampling,traffic_shift,1.0,ours_shift_flag,True,True
sampling,traffic_shift,1.0,ours_input,False,True
sampling,traffic_shift,1.0,pooled,True,False
sampling,traffic_shift,1.0,per_tenant,True,False
sampling,traffic_shift,1.0,ours,True,False
sampling,traffic_shift,1.0,ours_shift_flag,True,True
sampling,traffic_shift,1.0,ours_input,False,True
sampling,traffic_shift,1.0,pooled,True,False
sampling,traffic_shift,1.0,per_tenant,True,False
sampling,traffic_shift,1.0,ours,True,False
sampling,traffic_shift,1.0,ours_shift_flag,True,True
sampling,traffic_shift,1.0,ours_input,False,True
sampling,traffic_shift,1.0,pooled,True,False
sampling,traffic_shift,1.0,per_tenant,True,False
sampling,traffic_shift,1.0,ours,True,False
sampling,traffic_shift,1.0,ours_shift_flag,True,True
sampling,traffic_shift,1.0,ours_input,False,True
sampling,traffic_shift,1.0,pooled,True,False
sampling,traffic_shift,1.0,per_tenant,True,False
sampling,traffic_shift,1.0,ours,True,False
sampling,traffic_shift,1.0,ours_shift_flag,True,True
sampling,traffic_shift,1.0,ours_input,False,True
sampling,traffic_shift,1.0,pooled,True,False
sampling,traffic_shift,1.0,per_tenant,True,False
sampling,traffic_shift,1.0,ours,True,False
sampling,traffic_shift,1.0,ours_shift_flag,True,True
sampling,traffic_shift,1.0,ours_input,False,True
sampling,traffic_shift,1.0,pooled,True,False
sampling,traffic_shift,1.0,per_tenant,True,False
sampling,traffic_shift,1.0,ours,True,False
sampling,traffic_shift,1.0,ours_shift_flag,True,True
sampling,traffic_shift,1.0,ours_input,False,True
sampling,traffic_shift,1.0,pooled,True,False
sampling,traffic_shift,1.0,per_tenant,True,False
sampling,traffic_shift,1.0,ours,False,True
sampling,traffic_shift,1.0,ours_shift_flag,True,True
sampling,traffic_shift,1.0,ours_input,False,True
sampling,traffic_shift,1.0,pooled,True,False
sampling,traffic_shift,1.0,per_tenant,True,False
sampling,traffic_shift,1.0,ours,True,False
sampling,traffic_shift,1.0,ours_shift_flag,True,True
sampling,traffic_shift,1.0,ours_input,False,True
sampling,traffic_shift,1.0,pooled,True,False
sampling,traffic_shift,1.0,per_tenant,True,False
sampling,traffic_shift,1.0,ours,True,False
sampling,traffic_shift,1.0,ours_shift_flag,True,True
sampling,traffic_shift,1.0,ours_input,False,True
sampling,traffic_shift,1.0,pooled,True,False
sampling,traffic_shift,1.0,per_tenant,True,False
sampling,traffic_shift,1.0,ours,True,False
sampling,traffic_shift,1.0,ours_shift_flag,True,True
sampling,traffic_shift,1.0,ours_input,False,True
sampling,traffic_shift,1.0,pooled,True,False
sampling,traffic_shift,1.0,per_tenant,True,False
sampling,traffic_shift,1.0,ours,True,False
sampling,traffic_shift,1.0,ours_shift_flag,True,True
sampling,traffic_shift,1.0,ours_input,False,True
sampling,traffic_shift,1.0,pooled,True,False
sampling,traffic_shift,1.0,per_tenant,True,False
sampling,traffic_shift,1.0,ours,True,False
sampling,traffic_shift,1.0,ours_shift_flag,True,True
sampling,traffic_shift,1.0,ours_input,False,True
sampling,traffic_shift,1.0,pooled,True,False
sampling,traffic_shift,1.0,per_tenant,True,False
sampling,traffic_shift,1.0,ours,True,False
sampling,traffic_shift,1.0,ours_shift_flag,True,True
sampling,traffic_shift,1.0,ours_input,False,True
sampling,traffic_shift,1.0,pooled,True,False
sampling,traffic_shift,1.0,per_tenant,True,False
sampling,traffic_shift,1.0,ours,True,False
sampling,traffic_shift,1.0,ours_shift_flag,True,True
sampling,traffic_shift,1.0,ours_input,False,True
sampling,traffic_shift,1.0,pooled,True,False
sampling,traffic_shift,1.0,per_tenant,True,False
sampling,traffic_shift,1.0,ours,True,False
sampling,traffic_shift,1.0,ours_shift_flag,True,True
sampling,traffic_shift,1.0,ours_input,False,True
sampling,traffic_shift,1.0,pooled,True,False
sampling,traffic_shift,1.0,per_tenant,True,False
sampling,traffic_shift,1.0,ours,True,False
sampling,traffic_shift,1.0,ours_shift_flag,True,True
sampling,traffic_shift,1.0,ours_input,False,True
sampling,traffic_shift,1.0,pooled,True,False
sampling,traffic_shift,1.0,per_tenant,True,False
sampling,traffic_shift,1.0,ours,True,False
sampling,traffic_shift,1.0,ours_shift_flag,True,True
sampling,traffic_shift,1.0,ours_input,False,True
sampling,traffic_shift,1.0,pooled,True,False
sampling,traffic_shift,1.0,per_tenant,True,False
sampling,traffic_shift,1.0,ours,True,False
sampling,traffic_shift,1.0,ours_shift_flag,True,True
sampling,traffic_shift,1.0,ours_input,False,True
sampling,traffic_shift,1.0,pooled,True,False
sampling,traffic_shift,1.0,per_tenant,True,False
sampling,traffic_shift,1.0,ours,True,False
sampling,traffic_shift,1.0,ours_shift_flag,True,True
sampling,traffic_shift,1.0,ours_input,False,True
sampling,traffic_shift,1.0,pooled,True,False
sampling,traffic_shift,1.0,per_tenant,True,False
sampling,traffic_shift,1.0,ours,True,False
sampling,traffic_shift,1.0,ours_shift_flag,True,True
sampling,traffic_shift,1.0,ours_input,False,True
sampling,traffic_shift,1.0,pooled,True,False
sampling,traffic_shift,1.0,per_tenant,True,False
sampling,traffic_shift,1.0,ours,True,False
sampling,traffic_shift,1.0,ours_shift_flag,True,True
sampling,traffic_shift,1.0,ours_input,False,True
sampling,traffic_shift,1.0,pooled,True,False
sampling,traffic_shift,1.0,per_tenant,True,False
sampling,traffic_shift,1.0,ours,True,False
sampling,traffic_shift,1.0,ours_shift_flag,True,True
sampling,traffic_shift,1.0,ours_input,False,True
sampling,traffic_shift,1.0,pooled,True,False
sampling,traffic_shift,1.0,per_tenant,True,False
sampling,traffic_shift,1.0,ours,True,False
sampling,traffic_shift,1.0,ours_shift_flag,True,True
sampling,traffic_shift,1.0,ours_input,False,True
sampling,traffic_shift,1.0,pooled,True,False
sampling,traffic_shift,1.0,per_tenant,True,False
sampling,traffic_shift,1.0,ours,True,False
sampling,traffic_shift,1.0,ours_shift_flag,True,True
sampling,traffic_shift,1.0,ours_input,False,True
sampling,traffic_shift,1.0,pooled,True,False
sampling,traffic_shift,1.0,per_tenant,True,False
sampling,traffic_shift,1.0,ours,True,False
sampling,traffic_shift,1.0,ours_shift_flag,True,True
sampling,traffic_shift,1.0,ours_input,False,True
sampling,traffic_shift,1.0,pooled,True,False
sampling,traffic_shift,1.0,per_tenant,True,False
sampling,traffic_shift,1.0,ours,True,False
sampling,traffic_shift,1.0,ours_shift_flag,True,True
sampling,traffic_shift,1.0,ours_input,False,True
sampling,traffic_shift,1.0,pooled,True,False
sampling,traffic_shift,1.0,per_tenant,True,False
sampling,traffic_shift,1.0,ours,True,False
sampling,traffic_shift,1.0,ours_shift_flag,True,True
sampling,traffic_shift,1.0,ours_input,False,True
sampling,traffic_shift,1.0,pooled,True,False
sampling,traffic_shift,1.0,per_tenant,True,False
sampling,traffic_shift,1.0,ours,True,False
sampling,traffic_shift,1.0,ours_shift_flag,True,True
sampling,traffic_shift,1.0,ours_input,False,True
sampling,traffic_shift,1.0,pooled,True,False
sampling,traffic_shift,1.0,per_tenant,True,False
sampling,traffic_shift,1.0,ours,True,False
sampling,traffic_shift,1.0,ours_shift_flag,True,True
sampling,traffic_shift,1.0,ours_input,False,True
sampling,traffic_shift,1.0,pooled,True,False
sampling,traffic_shift,1.0,per_tenant,True,False
sampling,traffic_shift,1.0,ours,True,False
sampling,traffic_shift,1.0,ours_shift_flag,True,True
sampling,traffic_shift,1.0,ours_input,False,True
sampling,traffic_shift,1.0,pooled,True,False
sampling,traffic_shift,1.0,per_tenant,True,False
sampling,traffic_shift,1.0,ours,True,False
sampling,traffic_shift,1.0,ours_shift_flag,True,True
sampling,traffic_shift,1.0,ours_input,False,True
sampling,traffic_shift,1.0,pooled,True,False
sampling,traffic_shift,1.0,per_tenant,True,False
sampling,traffic_shift,1.0,ours,True,False
sampling,traffic_shift,1.0,ours_shift_flag,True,True
sampling,traffic_shift,1.0,ours_input,False,True
sampling,traffic_shift,1.0,pooled,True,False
sampling,traffic_shift,1.0,per_tenant,True,False
sampling,traffic_shift,1.0,ours,True,False
sampling,traffic_shift,1.0,ours_shift_flag,True,True
sampling,traffic_shift,1.0,ours_input,False,True
sampling,traffic_shift,1.0,pooled,True,False
sampling,traffic_shift,1.0,per_tenant,True,False
sampling,traffic_shift,1.0,ours,True,False
sampling,traffic_shift,1.0,ours_shift_flag,True,True
sampling,traffic_shift,1.0,ours_input,False,True
sampling,traffic_shift,1.0,pooled,True,False
sampling,traffic_shift,1.0,per_tenant,True,False
sampling,traffic_shift,1.0,ours,True,False
sampling,traffic_shift,1.0,ours_shift_flag,True,True
sampling,traffic_shift,1.0,ours_input,False,True
sampling,traffic_shift,1.0,pooled,True,False
sampling,traffic_shift,1.0,per_tenant,True,False
sampling,traffic_shift,1.0,ours,True,False
sampling,traffic_shift,1.0,ours_shift_flag,True,True
sampling,traffic_shift,1.0,ours_input,False,True
sampling,traffic_shift,1.0,pooled,True,False
sampling,traffic_shift,1.0,per_tenant,True,False
sampling,traffic_shift,1.0,ours,True,False
sampling,traffic_shift,1.0,ours_shift_flag,True,True
sampling,traffic_shift,1.0,ours_input,False,True
sampling,traffic_shift,1.0,pooled,True,False
sampling,traffic_shift,1.0,per_tenant,True,False
sampling,traffic_shift,1.0,ours,True,False
sampling,traffic_shift,1.0,ours_shift_flag,True,True
sampling,traffic_shift,1.0,ours_input,False,True
sampling,traffic_shift,1.0,pooled,True,False
sampling,traffic_shift,1.0,per_tenant,True,False
sampling,traffic_shift,1.0,ours,True,False
sampling,traffic_shift,1.0,ours_shift_flag,True,True
sampling,traffic_shift,1.0,ours_input,False,True
sampling,traffic_shift,1.0,pooled,True,False
sampling,traffic_shift,1.0,per_tenant,True,False
sampling,traffic_shift,1.0,ours,True,False
sampling,traffic_shift,1.0,ours_shift_flag,True,True
sampling,traffic_shift,1.0,ours_input,False,True
sampling,traffic_shift,1.0,pooled,True,False
sampling,traffic_shift,1.0,per_tenant,True,False
sampling,traffic_shift,1.0,ours,True,False
sampling,traffic_shift,1.0,ours_shift_flag,True,True
sampling,traffic_shift,1.0,ours_input,False,True
sampling,traffic_shift,1.0,pooled,True,False
sampling,traffic_shift,1.0,per_tenant,True,False
sampling,traffic_shift,1.0,ours,True,False
sampling,traffic_shift,1.0,ours_shift_flag,True,True
sampling,traffic_shift,1.0,ours_input,False,True
sampling,traffic_shift,1.0,pooled,True,False
sampling,traffic_shift,1.0,per_tenant,True,False
sampling,traffic_shift,1.0,ours,True,False
sampling,traffic_shift,1.0,ours_shift_flag,True,True
sampling,traffic_shift,1.0,ours_input,False,True
sampling,traffic_shift,1.0,pooled,True,False
sampling,traffic_shift,1.0,per_tenant,True,False
sampling,traffic_shift,1.0,ours,True,False
sampling,traffic_shift,1.0,ours_shift_flag,True,True
sampling,traffic_shift,1.0,ours_input,False,True
sampling,traffic_shift,1.0,pooled,True,False
sampling,traffic_shift,1.0,per_tenant,True,False
sampling,traffic_shift,1.0,ours,True,False
sampling,traffic_shift,1.0,ours_shift_flag,True,True
sampling,traffic_shift,1.0,ours_input,False,True
sampling,traffic_shift,1.0,pooled,True,False
sampling,traffic_shift,1.0,per_tenant,True,False
sampling,traffic_shift,1.0,ours,True,False
sampling,traffic_shift,1.0,ours_shift_flag,True,True
sampling,traffic_shift,1.0,ours_input,False,True
sampling,traffic_shift,1.0,pooled,True,False
sampling,traffic_shift,1.0,per_tenant,True,False
sampling,traffic_shift,1.0,ours,True,False
sampling,traffic_shift,1.0,ours_shift_flag,True,True
sampling,traffic_shift,1.0,ours_input,False,True
sampling,both,1.0,pooled,True,True
sampling,both,1.0,per_tenant,True,True
sampling,both,1.0,ours,True,True
sampling,both,1.0,ours_shift_flag,True,True
sampling,both,1.0,ours_input,True,True
sampling,both,1.0,pooled,True,True
sampling,both,1.0,per_tenant,True,True
sampling,both,1.0,ours,True,True
sampling,both,1.0,ours_shift_flag,True,True
sampling,both,1.0,ours_input,True,True
sampling,both,1.0,pooled,True,True
sampling,both,1.0,per_tenant,True,True
sampling,both,1.0,ours,True,True
sampling,both,1.0,ours_shift_flag,True,True
sampling,both,1.0,ours_input,True,True
sampling,both,1.0,pooled,True,True
sampling,both,1.0,per_tenant,True,True
sampling,both,1.0,ours,True,True
sampling,both,1.0,ours_shift_flag,True,True
sampling,both,1.0,ours_input,True,True
sampling,both,1.0,pooled,True,True
sampling,both,1.0,per_tenant,True,True
sampling,both,1.0,ours,True,True
sampling,both,1.0,ours_shift_flag,True,True
sampling,both,1.0,ours_input,True,True
sampling,both,1.0,pooled,True,True
sampling,both,1.0,per_tenant,True,True
sampling,both,1.0,ours,True,True
sampling,both,1.0,ours_shift_flag,True,True
sampling,both,1.0,ours_input,True,True
sampling,both,1.0,pooled,True,True
sampling,both,1.0,per_tenant,True,True
sampling,both,1.0,ours,True,True
sampling,both,1.0,ours_shift_flag,True,True
sampling,both,1.0,ours_input,True,True
sampling,both,1.0,pooled,True,True
sampling,both,1.0,per_tenant,True,True
sampling,both,1.0,ours,True,True
sampling,both,1.0,ours_shift_flag,True,True
sampling,both,1.0,ours_input,True,True
sampling,both,1.0,pooled,True,True
sampling,both,1.0,per_tenant,True,True
sampling,both,1.0,ours,True,True
sampling,both,1.0,ours_shift_flag,True,True
sampling,both,1.0,ours_input,True,True
sampling,both,1.0,pooled,True,True
sampling,both,1.0,per_tenant,True,True
sampling,both,1.0,ours,True,True
sampling,both,1.0,ours_shift_flag,True,True
sampling,both,1.0,ours_input,True,True
sampling,both,1.0,pooled,True,True
sampling,both,1.0,per_tenant,True,True
sampling,both,1.0,ours,True,True
sampling,both,1.0,ours_shift_flag,True,True
sampling,both,1.0,ours_input,True,True
sampling,both,1.0,pooled,True,True
sampling,both,1.0,per_tenant,True,True
sampling,both,1.0,ours,True,True
sampling,both,1.0,ours_shift_flag,True,True
sampling,both,1.0,ours_input,True,True
sampling,both,1.0,pooled,True,True
sampling,both,1.0,per_tenant,True,True
sampling,both,1.0,ours,True,True
sampling,both,1.0,ours_shift_flag,True,True
sampling,both,1.0,ours_input,True,True
sampling,both,1.0,pooled,True,True
sampling,both,1.0,per_tenant,True,True
sampling,both,1.0,ours,True,True
sampling,both,1.0,ours_shift_flag,True,True
sampling,both,1.0,ours_input,True,True
sampling,both,1.0,pooled,True,True
sampling,both,1.0,per_tenant,True,True
sampling,both,1.0,ours,True,True
sampling,both,1.0,ours_shift_flag,True,True
sampling,both,1.0,ours_input,True,True
sampling,both,1.0,pooled,True,True
sampling,both,1.0,per_tenant,True,True
sampling,both,1.0,ours,True,True
sampling,both,1.0,ours_shift_flag,True,True
sampling,both,1.0,ours_input,True,True
sampling,both,1.0,pooled,True,True
sampling,both,1.0,per_tenant,True,True
sampling,both,1.0,ours,True,True
sampling,both,1.0,ours_shift_flag,True,True
sampling,both,1.0,ours_input,True,True
sampling,both,1.0,pooled,True,True
sampling,both,1.0,per_tenant,True,True
sampling,both,1.0,ours,True,True
sampling,both,1.0,ours_shift_flag,True,True
sampling,both,1.0,ours_input,True,True
sampling,both,1.0,pooled,True,True
sampling,both,1.0,per_tenant,True,True
sampling,both,1.0,ours,True,True
sampling,both,1.0,ours_shift_flag,True,True
sampling,both,1.0,ours_input,True,True
sampling,both,1.0,pooled,True,True
sampling,both,1.0,per_tenant,True,True
sampling,both,1.0,ours,True,True
sampling,both,1.0,ours_shift_flag,True,True
sampling,both,1.0,ours_input,True,True
sampling,both,1.0,pooled,True,True
sampling,both,1.0,per_tenant,True,True
sampling,both,1.0,ours,True,True
sampling,both,1.0,ours_shift_flag,True,True
sampling,both,1.0,ours_input,True,True
sampling,both,1.0,pooled,True,True
sampling,both,1.0,per_tenant,True,True
sampling,both,1.0,ours,True,True
sampling,both,1.0,ours_shift_flag,True,True
sampling,both,1.0,ours_input,True,True
sampling,both,1.0,pooled,True,True
sampling,both,1.0,per_tenant,True,True
sampling,both,1.0,ours,True,True
sampling,both,1.0,ours_shift_flag,True,True
sampling,both,1.0,ours_input,True,True
sampling,both,1.0,pooled,True,True
sampling,both,1.0,per_tenant,True,True
sampling,both,1.0,ours,True,True
sampling,both,1.0,ours_shift_flag,True,True
sampling,both,1.0,ours_input,True,True
sampling,both,1.0,pooled,True,True
sampling,both,1.0,per_tenant,True,True
sampling,both,1.0,ours,True,True
sampling,both,1.0,ours_shift_flag,True,True
sampling,both,1.0,ours_input,True,True
sampling,both,1.0,pooled,True,True
sampling,both,1.0,per_tenant,True,True
sampling,both,1.0,ours,True,True
sampling,both,1.0,ours_shift_flag,True,True
sampling,both,1.0,ours_input,True,True
sampling,both,1.0,pooled,True,True
sampling,both,1.0,per_tenant,True,True
sampling,both,1.0,ours,True,True
sampling,both,1.0,ours_shift_flag,True,True
sampling,both,1.0,ours_input,True,True
sampling,both,1.0,pooled,True,True
sampling,both,1.0,per_tenant,True,True
sampling,both,1.0,ours,True,True
sampling,both,1.0,ours_shift_flag,True,True
sampling,both,1.0,ours_input,True,True
sampling,both,1.0,pooled,True,True
sampling,both,1.0,per_tenant,True,True
sampling,both,1.0,ours,True,True
sampling,both,1.0,ours_shift_flag,True,True
sampling,both,1.0,ours_input,True,True
sampling,both,1.0,pooled,True,True
sampling,both,1.0,per_tenant,True,True
sampling,both,1.0,ours,True,True
sampling,both,1.0,ours_shift_flag,True,True
sampling,both,1.0,ours_input,True,True
sampling,both,1.0,pooled,True,True
sampling,both,1.0,per_tenant,True,True
sampling,both,1.0,ours,True,True
sampling,both,1.0,ours_shift_flag,True,True
sampling,both,1.0,ours_input,True,True
sampling,both,1.0,pooled,True,True
sampling,both,1.0,per_tenant,True,True
sampling,both,1.0,ours,True,True
sampling,both,1.0,ours_shift_flag,True,True
sampling,both,1.0,ours_input,True,True
sampling,both,1.0,pooled,True,True
sampling,both,1.0,per_tenant,True,True
sampling,both,1.0,ours,True,True
sampling,both,1.0,ours_shift_flag,True,True
sampling,both,1.0,ours_input,True,True
sampling,both,1.0,pooled,True,True
sampling,both,1.0,per_tenant,True,True
sampling,both,1.0,ours,True,True
sampling,both,1.0,ours_shift_flag,True,True
sampling,both,1.0,ours_input,True,True
sampling,both,1.0,pooled,True,True
sampling,both,1.0,per_tenant,True,True
sampling,both,1.0,ours,True,True
sampling,both,1.0,ours_shift_flag,True,True
sampling,both,1.0,ours_input,True,True
sampling,both,1.0,pooled,True,True
sampling,both,1.0,per_tenant,True,True
sampling,both,1.0,ours,True,True
sampling,both,1.0,ours_shift_flag,True,True
sampling,both,1.0,ours_input,True,True
sampling,both,1.0,pooled,True,True
sampling,both,1.0,per_tenant,True,True
sampling,both,1.0,ours,True,True
sampling,both,1.0,ours_shift_flag,True,True
sampling,both,1.0,ours_input,True,True
sampling,both,1.0,pooled,True,True
sampling,both,1.0,per_tenant,True,True
sampling,both,1.0,ours,True,True
sampling,both,1.0,ours_shift_flag,True,True
sampling,both,1.0,ours_input,True,True
sampling,both,1.0,pooled,True,True
sampling,both,1.0,per_tenant,True,True
sampling,both,1.0,ours,True,True
sampling,both,1.0,ours_shift_flag,True,True
sampling,both,1.0,ours_input,True,True
sampling,both,1.0,pooled,True,True
sampling,both,1.0,per_tenant,True,True
sampling,both,1.0,ours,True,True
sampling,both,1.0,ours_shift_flag,True,True
sampling,both,1.0,ours_input,True,True
sampling,both,1.0,pooled,True,True
sampling,both,1.0,per_tenant,True,True
sampling,both,1.0,ours,True,True
sampling,both,1.0,ours_shift_flag,True,True
sampling,both,1.0,ours_input,True,True
sampling,both,1.0,pooled,True,True
sampling,both,1.0,per_tenant,True,True
sampling,both,1.0,ours,True,True
sampling,both,1.0,ours_shift_flag,True,True
sampling,both,1.0,ours_input,True,True
sampling,both,1.0,pooled,True,True
sampling,both,1.0,per_tenant,True,True
sampling,both,1.0,ours,True,True
sampling,both,1.0,ours_shift_flag,True,True
sampling,both,1.0,ours_input,True,True
sampling,both,1.0,pooled,True,True
sampling,both,1.0,per_tenant,True,True
sampling,both,1.0,ours,True,True
sampling,both,1.0,ours_shift_flag,True,True
sampling,both,1.0,ours_input,True,True
sampling,both,1.0,pooled,True,True
sampling,both,1.0,per_tenant,True,True
sampling,both,1.0,ours,True,True
sampling,both,1.0,ours_shift_flag,True,True
sampling,both,1.0,ours_input,True,True
sampling,both,1.0,pooled,True,True
sampling,both,1.0,per_tenant,True,True
sampling,both,1.0,ours,True,True
sampling,both,1.0,ours_shift_flag,True,True
sampling,both,1.0,ours_input,True,True
sampling,both,1.0,pooled,True,True
sampling,both,1.0,per_tenant,True,True
sampling,both,1.0,ours,True,True
sampling,both,1.0,ours_shift_flag,True,True
sampling,both,1.0,ours_input,True,True
sampling,both,1.0,pooled,True,True
sampling,both,1.0,per_tenant,True,True
sampling,both,1.0,ours,True,True
sampling,both,1.0,ours_shift_flag,True,True
sampling,both,1.0,ours_input,True,True
sampling,both,1.0,pooled,True,True
sampling,both,1.0,per_tenant,True,True
sampling,both,1.0,ours,True,True
sampling,both,1.0,ours_shift_flag,True,True
sampling,both,1.0,ours_input,True,True
sampling,both,1.0,pooled,True,True
sampling,both,1.0,per_tenant,True,True
sampling,both,1.0,ours,True,True
sampling,both,1.0,ours_shift_flag,True,True
sampling,both,1.0,ours_input,True,True
sampling,both,1.0,pooled,True,True
sampling,both,1.0,per_tenant,True,True
sampling,both,1.0,ours,True,True
sampling,both,1.0,ours_shift_flag,True,True
sampling,both,1.0,ours_input,True,True
sampling,both,1.0,pooled,True,True
sampling,both,1.0,per_tenant,True,True
sampling,both,1.0,ours,True,True
sampling,both,1.0,ours_shift_flag,True,True
sampling,both,1.0,ours_input,True,True
sampling,both,1.0,pooled,True,True
sampling,both,1.0,per_tenant,True,True
sampling,both,1.0,ours,True,True
sampling,both,1.0,ours_shift_flag,True,True
sampling,both,1.0,ours_input,True,True
sampling,both,1.0,pooled,True,True
sampling,both,1.0,per_tenant,True,True
sampling,both,1.0,ours,True,True
sampling,both,1.0,ours_shift_flag,True,True
sampling,both,1.0,ours_input,True,True
sampling,both,1.0,pooled,True,True
sampling,both,1.0,per_tenant,True,True
sampling,both,1.0,ours,True,True
sampling,both,1.0,ours_shift_flag,True,True
sampling,both,1.0,ours_input,True,True
sampling,both,1.0,pooled,True,True
sampling,both,1.0,per_tenant,True,True
sampling,both,1.0,ours,True,True
sampling,both,1.0,ours_shift_flag,True,True
sampling,both,1.0,ours_input,True,True
sampling,both,1.0,pooled,True,True
sampling,both,1.0,per_tenant,True,True
sampling,both,1.0,ours,True,True
sampling,both,1.0,ours_shift_flag,True,True
sampling,both,1.0,ours_input,True,True
sampling,both,1.0,pooled,True,True
sampling,both,1.0,per_tenant,True,True
sampling,both,1.0,ours,True,True
sampling,both,1.0,ours_shift_flag,True,True
sampling,both,1.0,ours_input,True,True
sampling,both,1.0,pooled,True,True
sampling,both,1.0,per_tenant,True,True
sampling,both,1.0,ours,True,True
sampling,both,1.0,ours_shift_flag,True,True
sampling,both,1.0,ours_input,True,True
sampling,both,1.0,pooled,True,True
sampling,both,1.0,per_tenant,True,True
sampling,both,1.0,ours,True,True
sampling,both,1.0,ours_shift_flag,True,True
sampling,both,1.0,ours_input,True,True
output_cap,none,0.3,pooled,False,True
output_cap,none,0.3,per_tenant,False,True
output_cap,none,0.3,ours,False,True
output_cap,none,0.3,ours_shift_flag,False,True
output_cap,none,0.3,ours_input,False,True
output_cap,none,0.3,pooled,False,True
output_cap,none,0.3,per_tenant,False,True
output_cap,none,0.3,ours,False,True
output_cap,none,0.3,ours_shift_flag,False,True
output_cap,none,0.3,ours_input,False,True
output_cap,none,0.3,pooled,False,True
output_cap,none,0.3,per_tenant,False,True
output_cap,none,0.3,ours,False,True
output_cap,none,0.3,ours_shift_flag,False,True
output_cap,none,0.3,ours_input,False,True
output_cap,none,0.3,pooled,False,True
output_cap,none,0.3,per_tenant,False,True
output_cap,none,0.3,ours,False,True
output_cap,none,0.3,ours_shift_flag,False,True
output_cap,none,0.3,ours_input,False,True
output_cap,none,0.3,pooled,False,True
output_cap,none,0.3,per_tenant,False,True
output_cap,none,0.3,ours,False,True
output_cap,none,0.3,ours_shift_flag,False,True
output_cap,none,0.3,ours_input,False,True
output_cap,none,0.3,pooled,False,True
output_cap,none,0.3,per_tenant,False,True
output_cap,none,0.3,ours,False,True
output_cap,none,0.3,ours_shift_flag,False,True
output_cap,none,0.3,ours_input,False,True
output_cap,none,0.3,pooled,False,True
output_cap,none,0.3,per_tenant,False,True
output_cap,none,0.3,ours,False,True
output_cap,none,0.3,ours_shift_flag,False,True
output_cap,none,0.3,ours_input,False,True
output_cap,none,0.3,pooled,False,True
output_cap,none,0.3,per_tenant,False,True
output_cap,none,0.3,ours,False,True
output_cap,none,0.3,ours_shift_flag,False,True
output_cap,none,0.3,ours_input,False,True
output_cap,none,0.3,pooled,False,True
output_cap,none,0.3,per_tenant,False,True
output_cap,none,0.3,ours,False,True
output_cap,none,0.3,ours_shift_flag,False,True
output_cap,none,0.3,ours_input,False,True
output_cap,none,0.3,pooled,False,True
output_cap,none,0.3,per_tenant,False,True
output_cap,none,0.3,ours,False,True
output_cap,none,0.3,ours_shift_flag,False,True
output_cap,none,0.3,ours_input,False,True
output_cap,none,0.3,pooled,False,True
output_cap,none,0.3,per_tenant,False,True
output_cap,none,0.3,ours,False,True
output_cap,none,0.3,ours_shift_flag,False,True
output_cap,none,0.3,ours_input,False,True
output_cap,none,0.3,pooled,False,True
output_cap,none,0.3,per_tenant,False,True
output_cap,none,0.3,ours,False,True
output_cap,none,0.3,ours_shift_flag,False,True
output_cap,none,0.3,ours_input,False,True
output_cap,none,0.3,pooled,False,True
output_cap,none,0.3,per_tenant,False,True
output_cap,none,0.3,ours,False,True
output_cap,none,0.3,ours_shift_flag,False,True
output_cap,none,0.3,ours_input,False,True
output_cap,none,0.3,pooled,False,True
output_cap,none,0.3,per_tenant,False,True
output_cap,none,0.3,ours,False,True
output_cap,none,0.3,ours_shift_flag,False,True
output_cap,none,0.3,ours_input,False,True
output_cap,none,0.3,pooled,False,True
output_cap,none,0.3,per_tenant,False,True
output_cap,none,0.3,ours,False,True
output_cap,none,0.3,ours_shift_flag,False,True
output_cap,none,0.3,ours_input,False,True
output_cap,none,0.3,pooled,False,True
output_cap,none,0.3,per_tenant,False,True
output_cap,none,0.3,ours,False,True
output_cap,none,0.3,ours_shift_flag,False,True
output_cap,none,0.3,ours_input,False,True
output_cap,none,0.3,pooled,False,True
output_cap,none,0.3,per_tenant,False,True
output_cap,none,0.3,ours,False,True
output_cap,none,0.3,ours_shift_flag,False,True
output_cap,none,0.3,ours_input,False,True
output_cap,none,0.3,pooled,False,True
output_cap,none,0.3,per_tenant,False,True
output_cap,none,0.3,ours,False,True
output_cap,none,0.3,ours_shift_flag,False,True
output_cap,none,0.3,ours_input,False,True
output_cap,none,0.3,pooled,False,True
output_cap,none,0.3,per_tenant,False,True
output_cap,none,0.3,ours,False,True
output_cap,none,0.3,ours_shift_flag,False,True
output_cap,none,0.3,ours_input,False,True
output_cap,none,0.3,pooled,False,True
output_cap,none,0.3,per_tenant,False,True
output_cap,none,0.3,ours,False,True
output_cap,none,0.3,ours_shift_flag,False,True
output_cap,none,0.3,ours_input,False,True
output_cap,none,0.3,pooled,False,True
output_cap,none,0.3,per_tenant,False,True
output_cap,none,0.3,ours,False,True
output_cap,none,0.3,ours_shift_flag,False,True
output_cap,none,0.3,ours_input,False,True
output_cap,none,0.3,pooled,False,True
output_cap,none,0.3,per_tenant,False,True
output_cap,none,0.3,ours,False,True
output_cap,none,0.3,ours_shift_flag,False,True
output_cap,none,0.3,ours_input,False,True
output_cap,none,0.3,pooled,False,True
output_cap,none,0.3,per_tenant,False,True
output_cap,none,0.3,ours,False,True
output_cap,none,0.3,ours_shift_flag,False,True
output_cap,none,0.3,ours_input,False,True
output_cap,none,0.3,pooled,False,True
output_cap,none,0.3,per_tenant,False,True
output_cap,none,0.3,ours,False,True
output_cap,none,0.3,ours_shift_flag,False,True
output_cap,none,0.3,ours_input,False,True
output_cap,none,0.3,pooled,False,True
output_cap,none,0.3,per_tenant,False,True
output_cap,none,0.3,ours,False,True
output_cap,none,0.3,ours_shift_flag,False,True
output_cap,none,0.3,ours_input,False,True
output_cap,none,0.3,pooled,False,True
output_cap,none,0.3,per_tenant,False,True
output_cap,none,0.3,ours,False,True
output_cap,none,0.3,ours_shift_flag,False,True
output_cap,none,0.3,ours_input,False,True
output_cap,none,0.3,pooled,False,True
output_cap,none,0.3,per_tenant,False,True
output_cap,none,0.3,ours,False,True
output_cap,none,0.3,ours_shift_flag,False,True
output_cap,none,0.3,ours_input,False,True
output_cap,none,0.3,pooled,False,True
output_cap,none,0.3,per_tenant,False,True
output_cap,none,0.3,ours,False,True
output_cap,none,0.3,ours_shift_flag,False,True
output_cap,none,0.3,ours_input,False,True
output_cap,none,0.3,pooled,False,True
output_cap,none,0.3,per_tenant,False,True
output_cap,none,0.3,ours,False,True
output_cap,none,0.3,ours_shift_flag,False,True
output_cap,none,0.3,ours_input,False,True
output_cap,none,0.3,pooled,False,True
output_cap,none,0.3,per_tenant,False,True
output_cap,none,0.3,ours,False,True
output_cap,none,0.3,ours_shift_flag,False,True
output_cap,none,0.3,ours_input,False,True
output_cap,none,0.3,pooled,False,True
output_cap,none,0.3,per_tenant,False,True
output_cap,none,0.3,ours,False,True
output_cap,none,0.3,ours_shift_flag,False,True
output_cap,none,0.3,ours_input,False,True
output_cap,none,0.3,pooled,False,True
output_cap,none,0.3,per_tenant,False,True
output_cap,none,0.3,ours,False,True
output_cap,none,0.3,ours_shift_flag,False,True
output_cap,none,0.3,ours_input,False,True
output_cap,none,0.3,pooled,False,True
output_cap,none,0.3,per_tenant,False,True
output_cap,none,0.3,ours,False,True
output_cap,none,0.3,ours_shift_flag,False,True
output_cap,none,0.3,ours_input,False,True
output_cap,none,0.3,pooled,False,True
output_cap,none,0.3,per_tenant,False,True
output_cap,none,0.3,ours,False,True
output_cap,none,0.3,ours_shift_flag,False,True
output_cap,none,0.3,ours_input,False,True
output_cap,none,0.3,pooled,False,True
output_cap,none,0.3,per_tenant,False,True
output_cap,none,0.3,ours,False,True
output_cap,none,0.3,ours_shift_flag,False,True
output_cap,none,0.3,ours_input,False,True
output_cap,none,0.3,pooled,False,True
output_cap,none,0.3,per_tenant,False,True
output_cap,none,0.3,ours,False,True
output_cap,none,0.3,ours_shift_flag,False,True
output_cap,none,0.3,ours_input,False,True
output_cap,none,0.3,pooled,False,True
output_cap,none,0.3,per_tenant,False,True
output_cap,none,0.3,ours,False,True
output_cap,none,0.3,ours_shift_flag,False,True
output_cap,none,0.3,ours_input,False,True
output_cap,none,0.3,pooled,False,True
output_cap,none,0.3,per_tenant,False,True
output_cap,none,0.3,ours,False,True
output_cap,none,0.3,ours_shift_flag,False,True
output_cap,none,0.3,ours_input,False,True
output_cap,none,0.3,pooled,False,True
output_cap,none,0.3,per_tenant,False,True
output_cap,none,0.3,ours,False,True
output_cap,none,0.3,ours_shift_flag,False,True
output_cap,none,0.3,ours_input,False,True
output_cap,none,0.3,pooled,False,True
output_cap,none,0.3,per_tenant,False,True
output_cap,none,0.3,ours,False,True
output_cap,none,0.3,ours_shift_flag,False,True
output_cap,none,0.3,ours_input,False,True
output_cap,none,0.3,pooled,False,True
output_cap,none,0.3,per_tenant,False,True
output_cap,none,0.3,ours,False,True
output_cap,none,0.3,ours_shift_flag,False,True
output_cap,none,0.3,ours_input,False,True
output_cap,none,0.3,pooled,False,True
output_cap,none,0.3,per_tenant,False,True
output_cap,none,0.3,ours,False,True
output_cap,none,0.3,ours_shift_flag,False,True
output_cap,none,0.3,ours_input,False,True
output_cap,none,0.3,pooled,False,True
output_cap,none,0.3,per_tenant,False,True
output_cap,none,0.3,ours,False,True
output_cap,none,0.3,ours_shift_flag,False,True
output_cap,none,0.3,ours_input,False,True
output_cap,none,0.3,pooled,False,True
output_cap,none,0.3,per_tenant,False,True
output_cap,none,0.3,ours,False,True
output_cap,none,0.3,ours_shift_flag,False,True
output_cap,none,0.3,ours_input,False,True
output_cap,none,0.3,pooled,False,True
output_cap,none,0.3,per_tenant,False,True
output_cap,none,0.3,ours,False,True
output_cap,none,0.3,ours_shift_flag,False,True
output_cap,none,0.3,ours_input,False,True
output_cap,none,0.3,pooled,False,True
output_cap,none,0.3,per_tenant,False,True
output_cap,none,0.3,ours,False,True
output_cap,none,0.3,ours_shift_flag,False,True
output_cap,none,0.3,ours_input,False,True
output_cap,none,0.3,pooled,False,True
output_cap,none,0.3,per_tenant,False,True
output_cap,none,0.3,ours,False,True
output_cap,none,0.3,ours_shift_flag,False,True
output_cap,none,0.3,ours_input,False,True
output_cap,none,0.3,pooled,False,True
output_cap,none,0.3,per_tenant,False,True
output_cap,none,0.3,ours,False,True
output_cap,none,0.3,ours_shift_flag,False,True
output_cap,none,0.3,ours_input,False,True
output_cap,none,0.3,pooled,False,True
output_cap,none,0.3,per_tenant,False,True
output_cap,none,0.3,ours,False,True
output_cap,none,0.3,ours_shift_flag,False,True
output_cap,none,0.3,ours_input,False,True
output_cap,none,0.3,pooled,False,True
output_cap,none,0.3,per_tenant,False,True
output_cap,none,0.3,ours,False,True
output_cap,none,0.3,ours_shift_flag,False,True
output_cap,none,0.3,ours_input,False,True
output_cap,none,0.3,pooled,False,True
output_cap,none,0.3,per_tenant,False,True
output_cap,none,0.3,ours,False,True
output_cap,none,0.3,ours_shift_flag,False,True
output_cap,none,0.3,ours_input,False,True
output_cap,none,0.3,pooled,False,True
output_cap,none,0.3,per_tenant,False,True
output_cap,none,0.3,ours,False,True
output_cap,none,0.3,ours_shift_flag,False,True
output_cap,none,0.3,ours_input,False,True
output_cap,none,0.3,pooled,False,True
output_cap,none,0.3,per_tenant,False,True
output_cap,none,0.3,ours,False,True
output_cap,none,0.3,ours_shift_flag,False,True
output_cap,none,0.3,ours_input,False,True
output_cap,none,0.3,pooled,False,True
output_cap,none,0.3,per_tenant,False,True
output_cap,none,0.3,ours,False,True
output_cap,none,0.3,ours_shift_flag,False,True
output_cap,none,0.3,ours_input,False,True
output_cap,none,0.3,pooled,False,True
output_cap,none,0.3,per_tenant,False,True
output_cap,none,0.3,ours,False,True
output_cap,none,0.3,ours_shift_flag,False,True
output_cap,none,0.3,ours_input,False,True
output_cap,none,0.3,pooled,False,True
output_cap,none,0.3,per_tenant,False,True
output_cap,none,0.3,ours,False,True
output_cap,none,0.3,ours_shift_flag,False,True
output_cap,none,0.3,ours_input,False,True
output_cap,none,0.3,pooled,False,True
output_cap,none,0.3,per_tenant,False,True
output_cap,none,0.3,ours,False,True
output_cap,none,0.3,ours_shift_flag,False,True
output_cap,none,0.3,ours_input,False,True
output_cap,none,0.3,pooled,False,True
output_cap,none,0.3,per_tenant,False,True
output_cap,none,0.3,ours,False,True
output_cap,none,0.3,ours_shift_flag,False,True
output_cap,none,0.3,ours_input,False,True
output_cap,none,0.3,pooled,False,True
output_cap,none,0.3,per_tenant,False,True
output_cap,none,0.3,ours,False,True
output_cap,none,0.3,ours_shift_flag,False,True
output_cap,none,0.3,ours_input,False,True
output_cap,none,0.3,pooled,False,True
output_cap,none,0.3,per_tenant,False,True
output_cap,none,0.3,ours,False,True
output_cap,none,0.3,ours_shift_flag,False,True
output_cap,none,0.3,ours_input,False,True
output_cap,provider_fault,0.3,pooled,True,True
output_cap,provider_fault,0.3,per_tenant,True,True
output_cap,provider_fault,0.3,ours,True,True
output_cap,provider_fault,0.3,ours_shift_flag,False,True
output_cap,provider_fault,0.3,ours_input,True,True
output_cap,provider_fault,0.3,pooled,True,True
output_cap,provider_fault,0.3,per_tenant,True,True
output_cap,provider_fault,0.3,ours,True,True
output_cap,provider_fault,0.3,ours_shift_flag,False,True
output_cap,provider_fault,0.3,ours_input,True,True
output_cap,provider_fault,0.3,pooled,True,True
output_cap,provider_fault,0.3,per_tenant,True,True
output_cap,provider_fault,0.3,ours,True,True
output_cap,provider_fault,0.3,ours_shift_flag,False,True
output_cap,provider_fault,0.3,ours_input,True,True
output_cap,provider_fault,0.3,pooled,True,True
output_cap,provider_fault,0.3,per_tenant,True,True
output_cap,provider_fault,0.3,ours,True,True
output_cap,provider_fault,0.3,ours_shift_flag,False,True
output_cap,provider_fault,0.3,ours_input,True,True
output_cap,provider_fault,0.3,pooled,True,True
output_cap,provider_fault,0.3,per_tenant,True,True
output_cap,provider_fault,0.3,ours,True,True
output_cap,provider_fault,0.3,ours_shift_flag,False,True
output_cap,provider_fault,0.3,ours_input,True,True
output_cap,provider_fault,0.3,pooled,True,True
output_cap,provider_fault,0.3,per_tenant,True,True
output_cap,provider_fault,0.3,ours,True,True
output_cap,provider_fault,0.3,ours_shift_flag,False,True
output_cap,provider_fault,0.3,ours_input,True,True
output_cap,provider_fault,0.3,pooled,True,True
output_cap,provider_fault,0.3,per_tenant,True,True
output_cap,provider_fault,0.3,ours,True,True
output_cap,provider_fault,0.3,ours_shift_flag,False,True
output_cap,provider_fault,0.3,ours_input,True,True
output_cap,provider_fault,0.3,pooled,True,True
output_cap,provider_fault,0.3,per_tenant,True,True
output_cap,provider_fault,0.3,ours,True,True
output_cap,provider_fault,0.3,ours_shift_flag,False,True
output_cap,provider_fault,0.3,ours_input,True,True
output_cap,provider_fault,0.3,pooled,True,True
output_cap,provider_fault,0.3,per_tenant,True,True
output_cap,provider_fault,0.3,ours,True,True
output_cap,provider_fault,0.3,ours_shift_flag,False,True
output_cap,provider_fault,0.3,ours_input,True,True
output_cap,provider_fault,0.3,pooled,True,True
output_cap,provider_fault,0.3,per_tenant,True,True
output_cap,provider_fault,0.3,ours,True,True
output_cap,provider_fault,0.3,ours_shift_flag,False,True
output_cap,provider_fault,0.3,ours_input,True,True
output_cap,provider_fault,0.3,pooled,True,True
output_cap,provider_fault,0.3,per_tenant,True,True
output_cap,provider_fault,0.3,ours,True,True
output_cap,provider_fault,0.3,ours_shift_flag,False,True
output_cap,provider_fault,0.3,ours_input,True,True
output_cap,provider_fault,0.3,pooled,True,True
output_cap,provider_fault,0.3,per_tenant,True,True
output_cap,provider_fault,0.3,ours,True,True
output_cap,provider_fault,0.3,ours_shift_flag,False,True
output_cap,provider_fault,0.3,ours_input,True,True
output_cap,provider_fault,0.3,pooled,True,True
output_cap,provider_fault,0.3,per_tenant,True,True
output_cap,provider_fault,0.3,ours,True,True
output_cap,provider_fault,0.3,ours_shift_flag,False,True
output_cap,provider_fault,0.3,ours_input,True,True
output_cap,provider_fault,0.3,pooled,True,True
output_cap,provider_fault,0.3,per_tenant,True,True
output_cap,provider_fault,0.3,ours,True,True
output_cap,provider_fault,0.3,ours_shift_flag,False,True
output_cap,provider_fault,0.3,ours_input,True,True
output_cap,provider_fault,0.3,pooled,True,True
output_cap,provider_fault,0.3,per_tenant,True,True
output_cap,provider_fault,0.3,ours,True,True
output_cap,provider_fault,0.3,ours_shift_flag,False,True
output_cap,provider_fault,0.3,ours_input,True,True
output_cap,provider_fault,0.3,pooled,True,True
output_cap,provider_fault,0.3,per_tenant,True,True
output_cap,provider_fault,0.3,ours,True,True
output_cap,provider_fault,0.3,ours_shift_flag,False,True
output_cap,provider_fault,0.3,ours_input,True,True
output_cap,provider_fault,0.3,pooled,True,True
output_cap,provider_fault,0.3,per_tenant,True,True
output_cap,provider_fault,0.3,ours,True,True
output_cap,provider_fault,0.3,ours_shift_flag,False,True
output_cap,provider_fault,0.3,ours_input,True,True
output_cap,provider_fault,0.3,pooled,True,True
output_cap,provider_fault,0.3,per_tenant,True,True
output_cap,provider_fault,0.3,ours,True,True
output_cap,provider_fault,0.3,ours_shift_flag,False,True
output_cap,provider_fault,0.3,ours_input,True,True
output_cap,provider_fault,0.3,pooled,True,True
output_cap,provider_fault,0.3,per_tenant,True,True
output_cap,provider_fault,0.3,ours,True,True
output_cap,provider_fault,0.3,ours_shift_flag,False,True
output_cap,provider_fault,0.3,ours_input,True,True
output_cap,provider_fault,0.3,pooled,True,True
output_cap,provider_fault,0.3,per_tenant,True,True
output_cap,provider_fault,0.3,ours,True,True
output_cap,provider_fault,0.3,ours_shift_flag,False,True
output_cap,provider_fault,0.3,ours_input,True,True
output_cap,provider_fault,0.3,pooled,True,True
output_cap,provider_fault,0.3,per_tenant,True,True
output_cap,provider_fault,0.3,ours,True,True
output_cap,provider_fault,0.3,ours_shift_flag,False,True
output_cap,provider_fault,0.3,ours_input,True,True
output_cap,provider_fault,0.3,pooled,True,True
output_cap,provider_fault,0.3,per_tenant,True,True
output_cap,provider_fault,0.3,ours,True,True
output_cap,provider_fault,0.3,ours_shift_flag,False,True
output_cap,provider_fault,0.3,ours_input,True,True
output_cap,provider_fault,0.3,pooled,True,True
output_cap,provider_fault,0.3,per_tenant,True,True
output_cap,provider_fault,0.3,ours,True,True
output_cap,provider_fault,0.3,ours_shift_flag,False,True
output_cap,provider_fault,0.3,ours_input,True,True
output_cap,provider_fault,0.3,pooled,True,True
output_cap,provider_fault,0.3,per_tenant,True,True
output_cap,provider_fault,0.3,ours,True,True
output_cap,provider_fault,0.3,ours_shift_flag,False,True
output_cap,provider_fault,0.3,ours_input,True,True
output_cap,provider_fault,0.3,pooled,True,True
output_cap,provider_fault,0.3,per_tenant,True,True
output_cap,provider_fault,0.3,ours,True,True
output_cap,provider_fault,0.3,ours_shift_flag,False,True
output_cap,provider_fault,0.3,ours_input,True,True
output_cap,provider_fault,0.3,pooled,True,True
output_cap,provider_fault,0.3,per_tenant,True,True
output_cap,provider_fault,0.3,ours,True,True
output_cap,provider_fault,0.3,ours_shift_flag,False,True
output_cap,provider_fault,0.3,ours_input,True,True
output_cap,provider_fault,0.3,pooled,True,True
output_cap,provider_fault,0.3,per_tenant,True,True
output_cap,provider_fault,0.3,ours,True,True
output_cap,provider_fault,0.3,ours_shift_flag,False,True
output_cap,provider_fault,0.3,ours_input,True,True
output_cap,provider_fault,0.3,pooled,True,True
output_cap,provider_fault,0.3,per_tenant,True,True
output_cap,provider_fault,0.3,ours,True,True
output_cap,provider_fault,0.3,ours_shift_flag,False,True
output_cap,provider_fault,0.3,ours_input,True,True
output_cap,provider_fault,0.3,pooled,True,True
output_cap,provider_fault,0.3,per_tenant,True,True
output_cap,provider_fault,0.3,ours,True,True
output_cap,provider_fault,0.3,ours_shift_flag,False,True
output_cap,provider_fault,0.3,ours_input,True,True
output_cap,provider_fault,0.3,pooled,True,True
output_cap,provider_fault,0.3,per_tenant,True,True
output_cap,provider_fault,0.3,ours,True,True
output_cap,provider_fault,0.3,ours_shift_flag,False,True
output_cap,provider_fault,0.3,ours_input,True,True
output_cap,provider_fault,0.3,pooled,True,True
output_cap,provider_fault,0.3,per_tenant,True,True
output_cap,provider_fault,0.3,ours,True,True
output_cap,provider_fault,0.3,ours_shift_flag,False,True
output_cap,provider_fault,0.3,ours_input,True,True
output_cap,provider_fault,0.3,pooled,True,True
output_cap,provider_fault,0.3,per_tenant,True,True
output_cap,provider_fault,0.3,ours,True,True
output_cap,provider_fault,0.3,ours_shift_flag,False,True
output_cap,provider_fault,0.3,ours_input,True,True
output_cap,provider_fault,0.3,pooled,True,True
output_cap,provider_fault,0.3,per_tenant,True,True
output_cap,provider_fault,0.3,ours,True,True
output_cap,provider_fault,0.3,ours_shift_flag,False,True
output_cap,provider_fault,0.3,ours_input,True,True
output_cap,provider_fault,0.3,pooled,True,True
output_cap,provider_fault,0.3,per_tenant,True,True
output_cap,provider_fault,0.3,ours,True,True
output_cap,provider_fault,0.3,ours_shift_flag,False,True
output_cap,provider_fault,0.3,ours_input,True,True
output_cap,provider_fault,0.3,pooled,True,True
output_cap,provider_fault,0.3,per_tenant,True,True
output_cap,provider_fault,0.3,ours,True,True
output_cap,provider_fault,0.3,ours_shift_flag,False,True
output_cap,provider_fault,0.3,ours_input,True,True
output_cap,provider_fault,0.3,pooled,False,False
output_cap,provider_fault,0.3,per_tenant,True,True
output_cap,provider_fault,0.3,ours,False,False
output_cap,provider_fault,0.3,ours_shift_flag,False,True
output_cap,provider_fault,0.3,ours_input,False,False
output_cap,provider_fault,0.3,pooled,True,True
output_cap,provider_fault,0.3,per_tenant,True,True
output_cap,provider_fault,0.3,ours,True,True
output_cap,provider_fault,0.3,ours_shift_flag,False,True
output_cap,provider_fault,0.3,ours_input,True,True
output_cap,provider_fault,0.3,pooled,True,True
output_cap,provider_fault,0.3,per_tenant,True,True
output_cap,provider_fault,0.3,ours,True,True
output_cap,provider_fault,0.3,ours_shift_flag,False,True
output_cap,provider_fault,0.3,ours_input,True,True
output_cap,provider_fault,0.3,pooled,True,True
output_cap,provider_fault,0.3,per_tenant,True,True
output_cap,provider_fault,0.3,ours,True,True
output_cap,provider_fault,0.3,ours_shift_flag,False,True
output_cap,provider_fault,0.3,ours_input,True,True
output_cap,provider_fault,0.3,pooled,True,True
output_cap,provider_fault,0.3,per_tenant,True,True
output_cap,provider_fault,0.3,ours,True,True
output_cap,provider_fault,0.3,ours_shift_flag,False,True
output_cap,provider_fault,0.3,ours_input,True,True
output_cap,provider_fault,0.3,pooled,True,True
output_cap,provider_fault,0.3,per_tenant,True,True
output_cap,provider_fault,0.3,ours,True,True
output_cap,provider_fault,0.3,ours_shift_flag,False,True
output_cap,provider_fault,0.3,ours_input,True,True
output_cap,provider_fault,0.3,pooled,True,True
output_cap,provider_fault,0.3,per_tenant,True,True
output_cap,provider_fault,0.3,ours,True,True
output_cap,provider_fault,0.3,ours_shift_flag,False,True
output_cap,provider_fault,0.3,ours_input,True,True
output_cap,provider_fault,0.3,pooled,True,True
output_cap,provider_fault,0.3,per_tenant,True,True
output_cap,provider_fault,0.3,ours,True,True
output_cap,provider_fault,0.3,ours_shift_flag,False,True
output_cap,provider_fault,0.3,ours_input,True,True
output_cap,provider_fault,0.3,pooled,True,True
output_cap,provider_fault,0.3,per_tenant,True,True
output_cap,provider_fault,0.3,ours,True,True
output_cap,provider_fault,0.3,ours_shift_flag,False,True
output_cap,provider_fault,0.3,ours_input,True,True
output_cap,provider_fault,0.3,pooled,True,True
output_cap,provider_fault,0.3,per_tenant,True,True
output_cap,provider_fault,0.3,ours,True,True
output_cap,provider_fault,0.3,ours_shift_flag,False,True
output_cap,provider_fault,0.3,ours_input,True,True
output_cap,provider_fault,0.3,pooled,True,True
output_cap,provider_fault,0.3,per_tenant,True,True
output_cap,provider_fault,0.3,ours,True,True
output_cap,provider_fault,0.3,ours_shift_flag,False,True
output_cap,provider_fault,0.3,ours_input,True,True
output_cap,provider_fault,0.3,pooled,True,True
output_cap,provider_fault,0.3,per_tenant,True,True
output_cap,provider_fault,0.3,ours,True,True
output_cap,provider_fault,0.3,ours_shift_flag,False,True
output_cap,provider_fault,0.3,ours_input,True,True
output_cap,provider_fault,0.3,pooled,True,True
output_cap,provider_fault,0.3,per_tenant,True,True
output_cap,provider_fault,0.3,ours,True,True
output_cap,provider_fault,0.3,ours_shift_flag,False,True
output_cap,provider_fault,0.3,ours_input,True,True
output_cap,provider_fault,0.3,pooled,True,True
output_cap,provider_fault,0.3,per_tenant,True,True
output_cap,provider_fault,0.3,ours,True,True
output_cap,provider_fault,0.3,ours_shift_flag,False,True
output_cap,provider_fault,0.3,ours_input,True,True
output_cap,provider_fault,0.3,pooled,True,True
output_cap,provider_fault,0.3,per_tenant,True,True
output_cap,provider_fault,0.3,ours,True,True
output_cap,provider_fault,0.3,ours_shift_flag,False,True
output_cap,provider_fault,0.3,ours_input,True,True
output_cap,provider_fault,0.3,pooled,False,False
output_cap,provider_fault,0.3,per_tenant,True,True
output_cap,provider_fault,0.3,ours,False,False
output_cap,provider_fault,0.3,ours_shift_flag,False,True
output_cap,provider_fault,0.3,ours_input,False,False
output_cap,provider_fault,0.3,pooled,True,True
output_cap,provider_fault,0.3,per_tenant,True,True
output_cap,provider_fault,0.3,ours,True,True
output_cap,provider_fault,0.3,ours_shift_flag,False,True
output_cap,provider_fault,0.3,ours_input,True,True
output_cap,provider_fault,0.3,pooled,True,True
output_cap,provider_fault,0.3,per_tenant,True,True
output_cap,provider_fault,0.3,ours,True,True
output_cap,provider_fault,0.3,ours_shift_flag,False,True
output_cap,provider_fault,0.3,ours_input,True,True
output_cap,provider_fault,0.3,pooled,True,True
output_cap,provider_fault,0.3,per_tenant,True,True
output_cap,provider_fault,0.3,ours,True,True
output_cap,provider_fault,0.3,ours_shift_flag,False,True
output_cap,provider_fault,0.3,ours_input,True,True
output_cap,provider_fault,0.3,pooled,True,True
output_cap,provider_fault,0.3,per_tenant,True,True
output_cap,provider_fault,0.3,ours,True,True
output_cap,provider_fault,0.3,ours_shift_flag,False,True
output_cap,provider_fault,0.3,ours_input,True,True
output_cap,provider_fault,0.3,pooled,True,True
output_cap,provider_fault,0.3,per_tenant,True,True
output_cap,provider_fault,0.3,ours,True,True
output_cap,provider_fault,0.3,ours_shift_flag,False,True
output_cap,provider_fault,0.3,ours_input,True,True
output_cap,provider_fault,0.3,pooled,True,True
output_cap,provider_fault,0.3,per_tenant,True,True
output_cap,provider_fault,0.3,ours,True,True
output_cap,provider_fault,0.3,ours_shift_flag,False,True
output_cap,provider_fault,0.3,ours_input,True,True
output_cap,provider_fault,0.3,pooled,True,True
output_cap,provider_fault,0.3,per_tenant,True,True
output_cap,provider_fault,0.3,ours,True,True
output_cap,provider_fault,0.3,ours_shift_flag,False,True
output_cap,provider_fault,0.3,ours_input,True,True
output_cap,provider_fault,0.3,pooled,True,True
output_cap,provider_fault,0.3,per_tenant,True,True
output_cap,provider_fault,0.3,ours,True,True
output_cap,provider_fault,0.3,ours_shift_flag,False,True
output_cap,provider_fault,0.3,ours_input,True,True
output_cap,provider_fault,0.3,pooled,True,True
output_cap,provider_fault,0.3,per_tenant,True,True
output_cap,provider_fault,0.3,ours,True,True
output_cap,provider_fault,0.3,ours_shift_flag,False,True
output_cap,provider_fault,0.3,ours_input,True,True
output_cap,traffic_shift,0.3,pooled,True,False
output_cap,traffic_shift,0.3,per_tenant,True,False
output_cap,traffic_shift,0.3,ours,True,False
output_cap,traffic_shift,0.3,ours_shift_flag,True,True
output_cap,traffic_shift,0.3,ours_input,False,True
output_cap,traffic_shift,0.3,pooled,True,False
output_cap,traffic_shift,0.3,per_tenant,True,False
output_cap,traffic_shift,0.3,ours,True,False
output_cap,traffic_shift,0.3,ours_shift_flag,True,True
output_cap,traffic_shift,0.3,ours_input,False,True
output_cap,traffic_shift,0.3,pooled,True,False
output_cap,traffic_shift,0.3,per_tenant,True,False
output_cap,traffic_shift,0.3,ours,True,False
output_cap,traffic_shift,0.3,ours_shift_flag,True,True
output_cap,traffic_shift,0.3,ours_input,False,True
output_cap,traffic_shift,0.3,pooled,True,False
output_cap,traffic_shift,0.3,per_tenant,True,False
output_cap,traffic_shift,0.3,ours,True,False
output_cap,traffic_shift,0.3,ours_shift_flag,True,True
output_cap,traffic_shift,0.3,ours_input,False,True
output_cap,traffic_shift,0.3,pooled,True,False
output_cap,traffic_shift,0.3,per_tenant,True,False
output_cap,traffic_shift,0.3,ours,True,False
output_cap,traffic_shift,0.3,ours_shift_flag,True,True
output_cap,traffic_shift,0.3,ours_input,False,True
output_cap,traffic_shift,0.3,pooled,True,False
output_cap,traffic_shift,0.3,per_tenant,True,False
output_cap,traffic_shift,0.3,ours,True,False
output_cap,traffic_shift,0.3,ours_shift_flag,True,True
output_cap,traffic_shift,0.3,ours_input,False,True
output_cap,traffic_shift,0.3,pooled,True,False
output_cap,traffic_shift,0.3,per_tenant,True,False
output_cap,traffic_shift,0.3,ours,True,False
output_cap,traffic_shift,0.3,ours_shift_flag,True,True
output_cap,traffic_shift,0.3,ours_input,False,True
output_cap,traffic_shift,0.3,pooled,True,False
output_cap,traffic_shift,0.3,per_tenant,True,False
output_cap,traffic_shift,0.3,ours,True,False
output_cap,traffic_shift,0.3,ours_shift_flag,True,True
output_cap,traffic_shift,0.3,ours_input,False,True
output_cap,traffic_shift,0.3,pooled,True,False
output_cap,traffic_shift,0.3,per_tenant,True,False
output_cap,traffic_shift,0.3,ours,True,False
output_cap,traffic_shift,0.3,ours_shift_flag,True,True
output_cap,traffic_shift,0.3,ours_input,False,True
output_cap,traffic_shift,0.3,pooled,True,False
output_cap,traffic_shift,0.3,per_tenant,True,False
output_cap,traffic_shift,0.3,ours,True,False
output_cap,traffic_shift,0.3,ours_shift_flag,True,True
output_cap,traffic_shift,0.3,ours_input,False,True
output_cap,traffic_shift,0.3,pooled,True,False
output_cap,traffic_shift,0.3,per_tenant,True,False
output_cap,traffic_shift,0.3,ours,True,False
output_cap,traffic_shift,0.3,ours_shift_flag,True,True
output_cap,traffic_shift,0.3,ours_input,False,True
output_cap,traffic_shift,0.3,pooled,True,False
output_cap,traffic_shift,0.3,per_tenant,True,False
output_cap,traffic_shift,0.3,ours,True,False
output_cap,traffic_shift,0.3,ours_shift_flag,True,True
output_cap,traffic_shift,0.3,ours_input,False,True
output_cap,traffic_shift,0.3,pooled,True,False
output_cap,traffic_shift,0.3,per_tenant,True,False
output_cap,traffic_shift,0.3,ours,True,False
output_cap,traffic_shift,0.3,ours_shift_flag,True,True
output_cap,traffic_shift,0.3,ours_input,False,True
output_cap,traffic_shift,0.3,pooled,True,False
output_cap,traffic_shift,0.3,per_tenant,True,False
output_cap,traffic_shift,0.3,ours,True,False
output_cap,traffic_shift,0.3,ours_shift_flag,True,True
output_cap,traffic_shift,0.3,ours_input,False,True
output_cap,traffic_shift,0.3,pooled,True,False
output_cap,traffic_shift,0.3,per_tenant,True,False
output_cap,traffic_shift,0.3,ours,True,False
output_cap,traffic_shift,0.3,ours_shift_flag,True,True
output_cap,traffic_shift,0.3,ours_input,False,True
output_cap,traffic_shift,0.3,pooled,True,False
output_cap,traffic_shift,0.3,per_tenant,True,False
output_cap,traffic_shift,0.3,ours,True,False
output_cap,traffic_shift,0.3,ours_shift_flag,True,True
output_cap,traffic_shift,0.3,ours_input,False,True
output_cap,traffic_shift,0.3,pooled,True,False
output_cap,traffic_shift,0.3,per_tenant,True,False
output_cap,traffic_shift,0.3,ours,True,False
output_cap,traffic_shift,0.3,ours_shift_flag,True,True
output_cap,traffic_shift,0.3,ours_input,False,True
output_cap,traffic_shift,0.3,pooled,True,False
output_cap,traffic_shift,0.3,per_tenant,True,False
output_cap,traffic_shift,0.3,ours,True,False
output_cap,traffic_shift,0.3,ours_shift_flag,True,True
output_cap,traffic_shift,0.3,ours_input,False,True
output_cap,traffic_shift,0.3,pooled,True,False
output_cap,traffic_shift,0.3,per_tenant,True,False
output_cap,traffic_shift,0.3,ours,True,False
output_cap,traffic_shift,0.3,ours_shift_flag,True,True
output_cap,traffic_shift,0.3,ours_input,False,True
output_cap,traffic_shift,0.3,pooled,True,False
output_cap,traffic_shift,0.3,per_tenant,True,False
output_cap,traffic_shift,0.3,ours,True,False
output_cap,traffic_shift,0.3,ours_shift_flag,True,True
output_cap,traffic_shift,0.3,ours_input,False,True
output_cap,traffic_shift,0.3,pooled,True,False
output_cap,traffic_shift,0.3,per_tenant,True,False
output_cap,traffic_shift,0.3,ours,True,False
output_cap,traffic_shift,0.3,ours_shift_flag,True,True
output_cap,traffic_shift,0.3,ours_input,False,True
output_cap,traffic_shift,0.3,pooled,True,False
output_cap,traffic_shift,0.3,per_tenant,True,False
output_cap,traffic_shift,0.3,ours,True,False
output_cap,traffic_shift,0.3,ours_shift_flag,True,True
output_cap,traffic_shift,0.3,ours_input,False,True
output_cap,traffic_shift,0.3,pooled,True,False
output_cap,traffic_shift,0.3,per_tenant,True,False
output_cap,traffic_shift,0.3,ours,True,False
output_cap,traffic_shift,0.3,ours_shift_flag,True,True
output_cap,traffic_shift,0.3,ours_input,False,True
output_cap,traffic_shift,0.3,pooled,True,False
output_cap,traffic_shift,0.3,per_tenant,True,False
output_cap,traffic_shift,0.3,ours,True,False
output_cap,traffic_shift,0.3,ours_shift_flag,True,True
output_cap,traffic_shift,0.3,ours_input,False,True
output_cap,traffic_shift,0.3,pooled,True,False
output_cap,traffic_shift,0.3,per_tenant,True,False
output_cap,traffic_shift,0.3,ours,True,False
output_cap,traffic_shift,0.3,ours_shift_flag,True,True
output_cap,traffic_shift,0.3,ours_input,False,True
output_cap,traffic_shift,0.3,pooled,True,False
output_cap,traffic_shift,0.3,per_tenant,True,False
output_cap,traffic_shift,0.3,ours,True,False
output_cap,traffic_shift,0.3,ours_shift_flag,True,True
output_cap,traffic_shift,0.3,ours_input,False,True
output_cap,traffic_shift,0.3,pooled,True,False
output_cap,traffic_shift,0.3,per_tenant,True,False
output_cap,traffic_shift,0.3,ours,True,False
output_cap,traffic_shift,0.3,ours_shift_flag,True,True
output_cap,traffic_shift,0.3,ours_input,False,True
output_cap,traffic_shift,0.3,pooled,True,False
output_cap,traffic_shift,0.3,per_tenant,True,False
output_cap,traffic_shift,0.3,ours,True,False
output_cap,traffic_shift,0.3,ours_shift_flag,True,True
output_cap,traffic_shift,0.3,ours_input,False,True
output_cap,traffic_shift,0.3,pooled,True,False
output_cap,traffic_shift,0.3,per_tenant,True,False
output_cap,traffic_shift,0.3,ours,True,False
output_cap,traffic_shift,0.3,ours_shift_flag,True,True
output_cap,traffic_shift,0.3,ours_input,False,True
output_cap,traffic_shift,0.3,pooled,True,False
output_cap,traffic_shift,0.3,per_tenant,True,False
output_cap,traffic_shift,0.3,ours,True,False
output_cap,traffic_shift,0.3,ours_shift_flag,True,True
output_cap,traffic_shift,0.3,ours_input,False,True
output_cap,traffic_shift,0.3,pooled,True,False
output_cap,traffic_shift,0.3,per_tenant,True,False
output_cap,traffic_shift,0.3,ours,True,False
output_cap,traffic_shift,0.3,ours_shift_flag,True,True
output_cap,traffic_shift,0.3,ours_input,False,True
output_cap,traffic_shift,0.3,pooled,True,False
output_cap,traffic_shift,0.3,per_tenant,True,False
output_cap,traffic_shift,0.3,ours,True,False
output_cap,traffic_shift,0.3,ours_shift_flag,True,True
output_cap,traffic_shift,0.3,ours_input,False,True
output_cap,traffic_shift,0.3,pooled,True,False
output_cap,traffic_shift,0.3,per_tenant,True,False
output_cap,traffic_shift,0.3,ours,True,False
output_cap,traffic_shift,0.3,ours_shift_flag,True,True
output_cap,traffic_shift,0.3,ours_input,False,True
output_cap,traffic_shift,0.3,pooled,True,False
output_cap,traffic_shift,0.3,per_tenant,True,False
output_cap,traffic_shift,0.3,ours,True,False
output_cap,traffic_shift,0.3,ours_shift_flag,True,True
output_cap,traffic_shift,0.3,ours_input,False,True
output_cap,traffic_shift,0.3,pooled,True,False
output_cap,traffic_shift,0.3,per_tenant,True,False
output_cap,traffic_shift,0.3,ours,True,False
output_cap,traffic_shift,0.3,ours_shift_flag,True,True
output_cap,traffic_shift,0.3,ours_input,False,True
output_cap,traffic_shift,0.3,pooled,True,False
output_cap,traffic_shift,0.3,per_tenant,True,False
output_cap,traffic_shift,0.3,ours,True,False
output_cap,traffic_shift,0.3,ours_shift_flag,True,True
output_cap,traffic_shift,0.3,ours_input,False,True
output_cap,traffic_shift,0.3,pooled,True,False
output_cap,traffic_shift,0.3,per_tenant,True,False
output_cap,traffic_shift,0.3,ours,True,False
output_cap,traffic_shift,0.3,ours_shift_flag,True,True
output_cap,traffic_shift,0.3,ours_input,False,True
output_cap,traffic_shift,0.3,pooled,True,False
output_cap,traffic_shift,0.3,per_tenant,True,False
output_cap,traffic_shift,0.3,ours,True,False
output_cap,traffic_shift,0.3,ours_shift_flag,True,True
output_cap,traffic_shift,0.3,ours_input,False,True
output_cap,traffic_shift,0.3,pooled,True,False
output_cap,traffic_shift,0.3,per_tenant,True,False
output_cap,traffic_shift,0.3,ours,True,False
output_cap,traffic_shift,0.3,ours_shift_flag,True,True
output_cap,traffic_shift,0.3,ours_input,False,True
output_cap,traffic_shift,0.3,pooled,True,False
output_cap,traffic_shift,0.3,per_tenant,True,False
output_cap,traffic_shift,0.3,ours,True,False
output_cap,traffic_shift,0.3,ours_shift_flag,True,True
output_cap,traffic_shift,0.3,ours_input,False,True
output_cap,traffic_shift,0.3,pooled,True,False
output_cap,traffic_shift,0.3,per_tenant,True,False
output_cap,traffic_shift,0.3,ours,True,False
output_cap,traffic_shift,0.3,ours_shift_flag,True,True
output_cap,traffic_shift,0.3,ours_input,False,True
output_cap,traffic_shift,0.3,pooled,True,False
output_cap,traffic_shift,0.3,per_tenant,True,False
output_cap,traffic_shift,0.3,ours,True,False
output_cap,traffic_shift,0.3,ours_shift_flag,True,True
output_cap,traffic_shift,0.3,ours_input,False,True
output_cap,traffic_shift,0.3,pooled,True,False
output_cap,traffic_shift,0.3,per_tenant,True,False
output_cap,traffic_shift,0.3,ours,True,False
output_cap,traffic_shift,0.3,ours_shift_flag,True,True
output_cap,traffic_shift,0.3,ours_input,False,True
output_cap,traffic_shift,0.3,pooled,True,False
output_cap,traffic_shift,0.3,per_tenant,True,False
output_cap,traffic_shift,0.3,ours,True,False
output_cap,traffic_shift,0.3,ours_shift_flag,True,True
output_cap,traffic_shift,0.3,ours_input,False,True
output_cap,traffic_shift,0.3,pooled,True,False
output_cap,traffic_shift,0.3,per_tenant,True,False
output_cap,traffic_shift,0.3,ours,True,False
output_cap,traffic_shift,0.3,ours_shift_flag,True,True
output_cap,traffic_shift,0.3,ours_input,False,True
output_cap,traffic_shift,0.3,pooled,True,False
output_cap,traffic_shift,0.3,per_tenant,True,False
output_cap,traffic_shift,0.3,ours,True,False
output_cap,traffic_shift,0.3,ours_shift_flag,True,True
output_cap,traffic_shift,0.3,ours_input,False,True
output_cap,traffic_shift,0.3,pooled,True,False
output_cap,traffic_shift,0.3,per_tenant,True,False
output_cap,traffic_shift,0.3,ours,True,False
output_cap,traffic_shift,0.3,ours_shift_flag,True,True
output_cap,traffic_shift,0.3,ours_input,False,True
output_cap,traffic_shift,0.3,pooled,True,False
output_cap,traffic_shift,0.3,per_tenant,True,False
output_cap,traffic_shift,0.3,ours,True,False
output_cap,traffic_shift,0.3,ours_shift_flag,True,True
output_cap,traffic_shift,0.3,ours_input,False,True
output_cap,traffic_shift,0.3,pooled,True,False
output_cap,traffic_shift,0.3,per_tenant,True,False
output_cap,traffic_shift,0.3,ours,True,False
output_cap,traffic_shift,0.3,ours_shift_flag,True,True
output_cap,traffic_shift,0.3,ours_input,False,True
output_cap,traffic_shift,0.3,pooled,True,False
output_cap,traffic_shift,0.3,per_tenant,True,False
output_cap,traffic_shift,0.3,ours,True,False
output_cap,traffic_shift,0.3,ours_shift_flag,True,True
output_cap,traffic_shift,0.3,ours_input,False,True
output_cap,traffic_shift,0.3,pooled,True,False
output_cap,traffic_shift,0.3,per_tenant,True,False
output_cap,traffic_shift,0.3,ours,True,False
output_cap,traffic_shift,0.3,ours_shift_flag,True,True
output_cap,traffic_shift,0.3,ours_input,False,True
output_cap,traffic_shift,0.3,pooled,True,False
output_cap,traffic_shift,0.3,per_tenant,True,False
output_cap,traffic_shift,0.3,ours,True,False
output_cap,traffic_shift,0.3,ours_shift_flag,True,True
output_cap,traffic_shift,0.3,ours_input,False,True
output_cap,traffic_shift,0.3,pooled,True,False
output_cap,traffic_shift,0.3,per_tenant,True,False
output_cap,traffic_shift,0.3,ours,True,False
output_cap,traffic_shift,0.3,ours_shift_flag,True,True
output_cap,traffic_shift,0.3,ours_input,False,True
output_cap,traffic_shift,0.3,pooled,True,False
output_cap,traffic_shift,0.3,per_tenant,True,False
output_cap,traffic_shift,0.3,ours,True,False
output_cap,traffic_shift,0.3,ours_shift_flag,True,True
output_cap,traffic_shift,0.3,ours_input,False,True
output_cap,traffic_shift,0.3,pooled,True,False
output_cap,traffic_shift,0.3,per_tenant,True,False
output_cap,traffic_shift,0.3,ours,True,False
output_cap,traffic_shift,0.3,ours_shift_flag,True,True
output_cap,traffic_shift,0.3,ours_input,False,True
output_cap,traffic_shift,0.3,pooled,True,False
output_cap,traffic_shift,0.3,per_tenant,True,False
output_cap,traffic_shift,0.3,ours,True,False
output_cap,traffic_shift,0.3,ours_shift_flag,True,True
output_cap,traffic_shift,0.3,ours_input,False,True
output_cap,traffic_shift,0.3,pooled,True,False
output_cap,traffic_shift,0.3,per_tenant,True,False
output_cap,traffic_shift,0.3,ours,True,False
output_cap,traffic_shift,0.3,ours_shift_flag,True,True
output_cap,traffic_shift,0.3,ours_input,False,True
output_cap,traffic_shift,0.3,pooled,True,False
output_cap,traffic_shift,0.3,per_tenant,True,False
output_cap,traffic_shift,0.3,ours,True,False
output_cap,traffic_shift,0.3,ours_shift_flag,True,True
output_cap,traffic_shift,0.3,ours_input,False,True
output_cap,traffic_shift,0.3,pooled,True,False
output_cap,traffic_shift,0.3,per_tenant,True,False
output_cap,traffic_shift,0.3,ours,True,False
output_cap,traffic_shift,0.3,ours_shift_flag,True,True
output_cap,traffic_shift,0.3,ours_input,False,True
output_cap,traffic_shift,0.3,pooled,True,False
output_cap,traffic_shift,0.3,per_tenant,True,False
output_cap,traffic_shift,0.3,ours,True,False
output_cap,traffic_shift,0.3,ours_shift_flag,True,True
output_cap,traffic_shift,0.3,ours_input,False,True
output_cap,both,0.3,pooled,True,True
output_cap,both,0.3,per_tenant,True,True
output_cap,both,0.3,ours,True,True
output_cap,both,0.3,ours_shift_flag,True,True
output_cap,both,0.3,ours_input,True,True
output_cap,both,0.3,pooled,True,True
output_cap,both,0.3,per_tenant,True,True
output_cap,both,0.3,ours,False,False
output_cap,both,0.3,ours_shift_flag,True,True
output_cap,both,0.3,ours_input,False,False
output_cap,both,0.3,pooled,True,True
output_cap,both,0.3,per_tenant,True,True
output_cap,both,0.3,ours,True,True
output_cap,both,0.3,ours_shift_flag,True,True
output_cap,both,0.3,ours_input,False,False
output_cap,both,0.3,pooled,True,True
output_cap,both,0.3,per_tenant,True,True
output_cap,both,0.3,ours,True,True
output_cap,both,0.3,ours_shift_flag,True,True
output_cap,both,0.3,ours_input,False,False
output_cap,both,0.3,pooled,True,True
output_cap,both,0.3,per_tenant,True,True
output_cap,both,0.3,ours,True,True
output_cap,both,0.3,ours_shift_flag,True,True
output_cap,both,0.3,ours_input,True,True
output_cap,both,0.3,pooled,True,True
output_cap,both,0.3,per_tenant,True,True
output_cap,both,0.3,ours,True,True
output_cap,both,0.3,ours_shift_flag,True,True
output_cap,both,0.3,ours_input,False,False
output_cap,both,0.3,pooled,True,True
output_cap,both,0.3,per_tenant,True,True
output_cap,both,0.3,ours,True,True
output_cap,both,0.3,ours_shift_flag,True,True
output_cap,both,0.3,ours_input,False,False
output_cap,both,0.3,pooled,True,True
output_cap,both,0.3,per_tenant,True,True
output_cap,both,0.3,ours,True,True
output_cap,both,0.3,ours_shift_flag,True,True
output_cap,both,0.3,ours_input,False,False
output_cap,both,0.3,pooled,True,True
output_cap,both,0.3,per_tenant,True,True
output_cap,both,0.3,ours,True,True
output_cap,both,0.3,ours_shift_flag,True,True
output_cap,both,0.3,ours_input,False,False
output_cap,both,0.3,pooled,True,True
output_cap,both,0.3,per_tenant,True,True
output_cap,both,0.3,ours,True,True
output_cap,both,0.3,ours_shift_flag,True,True
output_cap,both,0.3,ours_input,False,False
output_cap,both,0.3,pooled,True,True
output_cap,both,0.3,per_tenant,True,True
output_cap,both,0.3,ours,True,True
output_cap,both,0.3,ours_shift_flag,True,True
output_cap,both,0.3,ours_input,False,False
output_cap,both,0.3,pooled,True,True
output_cap,both,0.3,per_tenant,True,True
output_cap,both,0.3,ours,True,True
output_cap,both,0.3,ours_shift_flag,True,True
output_cap,both,0.3,ours_input,False,False
output_cap,both,0.3,pooled,True,True
output_cap,both,0.3,per_tenant,True,True
output_cap,both,0.3,ours,True,True
output_cap,both,0.3,ours_shift_flag,True,True
output_cap,both,0.3,ours_input,False,False
output_cap,both,0.3,pooled,True,True
output_cap,both,0.3,per_tenant,True,True
output_cap,both,0.3,ours,True,True
output_cap,both,0.3,ours_shift_flag,True,True
output_cap,both,0.3,ours_input,False,False
output_cap,both,0.3,pooled,True,True
output_cap,both,0.3,per_tenant,True,True
output_cap,both,0.3,ours,True,True
output_cap,both,0.3,ours_shift_flag,True,True
output_cap,both,0.3,ours_input,False,False
output_cap,both,0.3,pooled,True,True
output_cap,both,0.3,per_tenant,True,True
output_cap,both,0.3,ours,True,True
output_cap,both,0.3,ours_shift_flag,True,True
output_cap,both,0.3,ours_input,False,False
output_cap,both,0.3,pooled,True,True
output_cap,both,0.3,per_tenant,True,True
output_cap,both,0.3,ours,True,True
output_cap,both,0.3,ours_shift_flag,True,True
output_cap,both,0.3,ours_input,True,True
output_cap,both,0.3,pooled,True,True
output_cap,both,0.3,per_tenant,True,True
output_cap,both,0.3,ours,True,True
output_cap,both,0.3,ours_shift_flag,True,True
output_cap,both,0.3,ours_input,True,True
output_cap,both,0.3,pooled,True,True
output_cap,both,0.3,per_tenant,True,True
output_cap,both,0.3,ours,True,True
output_cap,both,0.3,ours_shift_flag,True,True
output_cap,both,0.3,ours_input,False,False
output_cap,both,0.3,pooled,True,True
output_cap,both,0.3,per_tenant,True,True
output_cap,both,0.3,ours,True,True
output_cap,both,0.3,ours_shift_flag,True,True
output_cap,both,0.3,ours_input,False,False
output_cap,both,0.3,pooled,True,True
output_cap,both,0.3,per_tenant,True,True
output_cap,both,0.3,ours,True,True
output_cap,both,0.3,ours_shift_flag,True,True
output_cap,both,0.3,ours_input,False,False
output_cap,both,0.3,pooled,True,True
output_cap,both,0.3,per_tenant,True,True
output_cap,both,0.3,ours,True,True
output_cap,both,0.3,ours_shift_flag,True,True
output_cap,both,0.3,ours_input,True,True
output_cap,both,0.3,pooled,True,True
output_cap,both,0.3,per_tenant,True,True
output_cap,both,0.3,ours,True,True
output_cap,both,0.3,ours_shift_flag,True,True
output_cap,both,0.3,ours_input,False,False
output_cap,both,0.3,pooled,True,True
output_cap,both,0.3,per_tenant,True,True
output_cap,both,0.3,ours,True,True
output_cap,both,0.3,ours_shift_flag,True,True
output_cap,both,0.3,ours_input,False,False
output_cap,both,0.3,pooled,True,True
output_cap,both,0.3,per_tenant,True,True
output_cap,both,0.3,ours,True,True
output_cap,both,0.3,ours_shift_flag,True,True
output_cap,both,0.3,ours_input,False,False
output_cap,both,0.3,pooled,True,True
output_cap,both,0.3,per_tenant,True,True
output_cap,both,0.3,ours,True,True
output_cap,both,0.3,ours_shift_flag,True,True
output_cap,both,0.3,ours_input,False,False
output_cap,both,0.3,pooled,True,True
output_cap,both,0.3,per_tenant,True,True
output_cap,both,0.3,ours,True,True
output_cap,both,0.3,ours_shift_flag,True,True
output_cap,both,0.3,ours_input,False,False
output_cap,both,0.3,pooled,True,True
output_cap,both,0.3,per_tenant,True,True
output_cap,both,0.3,ours,True,True
output_cap,both,0.3,ours_shift_flag,True,True
output_cap,both,0.3,ours_input,False,False
output_cap,both,0.3,pooled,True,True
output_cap,both,0.3,per_tenant,True,True
output_cap,both,0.3,ours,True,True
output_cap,both,0.3,ours_shift_flag,True,True
output_cap,both,0.3,ours_input,False,False
output_cap,both,0.3,pooled,True,True
output_cap,both,0.3,per_tenant,True,True
output_cap,both,0.3,ours,True,True
output_cap,both,0.3,ours_shift_flag,True,True
output_cap,both,0.3,ours_input,False,False
output_cap,both,0.3,pooled,True,True
output_cap,both,0.3,per_tenant,True,True
output_cap,both,0.3,ours,True,True
output_cap,both,0.3,ours_shift_flag,True,True
output_cap,both,0.3,ours_input,False,False
output_cap,both,0.3,pooled,True,True
output_cap,both,0.3,per_tenant,True,True
output_cap,both,0.3,ours,True,True
output_cap,both,0.3,ours_shift_flag,True,True
output_cap,both,0.3,ours_input,False,False
output_cap,both,0.3,pooled,True,True
output_cap,both,0.3,per_tenant,True,True
output_cap,both,0.3,ours,True,True
output_cap,both,0.3,ours_shift_flag,True,True
output_cap,both,0.3,ours_input,False,False
output_cap,both,0.3,pooled,True,True
output_cap,both,0.3,per_tenant,True,True
output_cap,both,0.3,ours,True,True
output_cap,both,0.3,ours_shift_flag,True,True
output_cap,both,0.3,ours_input,False,False
output_cap,both,0.3,pooled,True,True
output_cap,both,0.3,per_tenant,True,True
output_cap,both,0.3,ours,True,True
output_cap,both,0.3,ours_shift_flag,True,True
output_cap,both,0.3,ours_input,True,True
output_cap,both,0.3,pooled,True,True
output_cap,both,0.3,per_tenant,True,True
output_cap,both,0.3,ours,True,True
output_cap,both,0.3,ours_shift_flag,True,True
output_cap,both,0.3,ours_input,True,True
output_cap,both,0.3,pooled,True,True
output_cap,both,0.3,per_tenant,True,True
output_cap,both,0.3,ours,True,True
output_cap,both,0.3,ours_shift_flag,True,True
output_cap,both,0.3,ours_input,False,False
output_cap,both,0.3,pooled,True,True
output_cap,both,0.3,per_tenant,True,True
output_cap,both,0.3,ours,True,True
output_cap,both,0.3,ours_shift_flag,True,True
output_cap,both,0.3,ours_input,False,False
output_cap,both,0.3,pooled,True,True
output_cap,both,0.3,per_tenant,True,True
output_cap,both,0.3,ours,True,True
output_cap,both,0.3,ours_shift_flag,True,True
output_cap,both,0.3,ours_input,False,False
output_cap,both,0.3,pooled,True,True
output_cap,both,0.3,per_tenant,True,True
output_cap,both,0.3,ours,True,True
output_cap,both,0.3,ours_shift_flag,True,True
output_cap,both,0.3,ours_input,False,False
output_cap,both,0.3,pooled,True,True
output_cap,both,0.3,per_tenant,True,True
output_cap,both,0.3,ours,True,True
output_cap,both,0.3,ours_shift_flag,True,True
output_cap,both,0.3,ours_input,False,False
output_cap,both,0.3,pooled,True,True
output_cap,both,0.3,per_tenant,True,True
output_cap,both,0.3,ours,True,True
output_cap,both,0.3,ours_shift_flag,True,True
output_cap,both,0.3,ours_input,False,False
output_cap,both,0.3,pooled,True,True
output_cap,both,0.3,per_tenant,True,True
output_cap,both,0.3,ours,True,True
output_cap,both,0.3,ours_shift_flag,True,True
output_cap,both,0.3,ours_input,False,False
output_cap,both,0.3,pooled,True,True
output_cap,both,0.3,per_tenant,True,True
output_cap,both,0.3,ours,True,True
output_cap,both,0.3,ours_shift_flag,True,True
output_cap,both,0.3,ours_input,True,True
output_cap,both,0.3,pooled,True,True
output_cap,both,0.3,per_tenant,True,True
output_cap,both,0.3,ours,True,True
output_cap,both,0.3,ours_shift_flag,True,True
output_cap,both,0.3,ours_input,False,False
output_cap,both,0.3,pooled,True,True
output_cap,both,0.3,per_tenant,True,True
output_cap,both,0.3,ours,True,True
output_cap,both,0.3,ours_shift_flag,True,True
output_cap,both,0.3,ours_input,False,False
output_cap,both,0.3,pooled,True,True
output_cap,both,0.3,per_tenant,True,True
output_cap,both,0.3,ours,True,True
output_cap,both,0.3,ours_shift_flag,True,True
output_cap,both,0.3,ours_input,False,False
output_cap,both,0.3,pooled,True,True
output_cap,both,0.3,per_tenant,True,True
output_cap,both,0.3,ours,True,True
output_cap,both,0.3,ours_shift_flag,True,True
output_cap,both,0.3,ours_input,False,False
output_cap,both,0.3,pooled,True,True
output_cap,both,0.3,per_tenant,True,True
output_cap,both,0.3,ours,True,True
output_cap,both,0.3,ours_shift_flag,True,True
output_cap,both,0.3,ours_input,False,False
output_cap,both,0.3,pooled,True,True
output_cap,both,0.3,per_tenant,True,True
output_cap,both,0.3,ours,True,True
output_cap,both,0.3,ours_shift_flag,True,True
output_cap,both,0.3,ours_input,False,False
output_cap,both,0.3,pooled,True,True
output_cap,both,0.3,per_tenant,True,True
output_cap,both,0.3,ours,True,True
output_cap,both,0.3,ours_shift_flag,True,True
output_cap,both,0.3,ours_input,False,False
output_cap,both,0.3,pooled,True,True
output_cap,both,0.3,per_tenant,True,True
output_cap,both,0.3,ours,True,True
output_cap,both,0.3,ours_shift_flag,True,True
output_cap,both,0.3,ours_input,False,False
output_cap,both,0.3,pooled,True,True
output_cap,both,0.3,per_tenant,True,True
output_cap,both,0.3,ours,True,True
output_cap,both,0.3,ours_shift_flag,True,True
output_cap,both,0.3,ours_input,False,False
output_cap,both,0.3,pooled,True,True
output_cap,both,0.3,per_tenant,True,True
output_cap,both,0.3,ours,True,True
output_cap,both,0.3,ours_shift_flag,True,True
output_cap,both,0.3,ours_input,False,False
output_cap,both,0.3,pooled,True,True
output_cap,both,0.3,per_tenant,True,True
output_cap,both,0.3,ours,True,True
output_cap,both,0.3,ours_shift_flag,True,True
output_cap,both,0.3,ours_input,False,False
output_cap,both,0.3,pooled,True,True
output_cap,both,0.3,per_tenant,True,True
output_cap,both,0.3,ours,True,True
output_cap,both,0.3,ours_shift_flag,True,True
output_cap,both,0.3,ours_input,False,False
output_cap,both,0.3,pooled,True,True
output_cap,both,0.3,per_tenant,True,True
output_cap,both,0.3,ours,True,True
output_cap,both,0.3,ours_shift_flag,True,True
output_cap,both,0.3,ours_input,False,False
output_cap,both,0.3,pooled,True,True
output_cap,both,0.3,per_tenant,True,True
output_cap,both,0.3,ours,True,True
output_cap,both,0.3,ours_shift_flag,True,True
output_cap,both,0.3,ours_input,False,False
output_cap,both,0.3,pooled,True,True
output_cap,both,0.3,per_tenant,True,True
output_cap,both,0.3,ours,True,True
output_cap,both,0.3,ours_shift_flag,True,True
output_cap,both,0.3,ours_input,False,False
output_cap,both,0.3,pooled,True,True
output_cap,both,0.3,per_tenant,True,True
output_cap,both,0.3,ours,True,True
output_cap,both,0.3,ours_shift_flag,True,True
output_cap,both,0.3,ours_input,False,False
output_cap,none,1.0,pooled,False,True
output_cap,none,1.0,per_tenant,False,True
output_cap,none,1.0,ours,False,True
output_cap,none,1.0,ours_shift_flag,False,True
output_cap,none,1.0,ours_input,False,True
output_cap,none,1.0,pooled,False,True
output_cap,none,1.0,per_tenant,False,True
output_cap,none,1.0,ours,False,True
output_cap,none,1.0,ours_shift_flag,False,True
output_cap,none,1.0,ours_input,False,True
output_cap,none,1.0,pooled,False,True
output_cap,none,1.0,per_tenant,False,True
output_cap,none,1.0,ours,False,True
output_cap,none,1.0,ours_shift_flag,False,True
output_cap,none,1.0,ours_input,False,True
output_cap,none,1.0,pooled,False,True
output_cap,none,1.0,per_tenant,False,True
output_cap,none,1.0,ours,False,True
output_cap,none,1.0,ours_shift_flag,False,True
output_cap,none,1.0,ours_input,False,True
output_cap,none,1.0,pooled,False,True
output_cap,none,1.0,per_tenant,False,True
output_cap,none,1.0,ours,False,True
output_cap,none,1.0,ours_shift_flag,False,True
output_cap,none,1.0,ours_input,False,True
output_cap,none,1.0,pooled,False,True
output_cap,none,1.0,per_tenant,False,True
output_cap,none,1.0,ours,False,True
output_cap,none,1.0,ours_shift_flag,False,True
output_cap,none,1.0,ours_input,False,True
output_cap,none,1.0,pooled,False,True
output_cap,none,1.0,per_tenant,False,True
output_cap,none,1.0,ours,False,True
output_cap,none,1.0,ours_shift_flag,False,True
output_cap,none,1.0,ours_input,False,True
output_cap,none,1.0,pooled,False,True
output_cap,none,1.0,per_tenant,False,True
output_cap,none,1.0,ours,False,True
output_cap,none,1.0,ours_shift_flag,False,True
output_cap,none,1.0,ours_input,False,True
output_cap,none,1.0,pooled,False,True
output_cap,none,1.0,per_tenant,False,True
output_cap,none,1.0,ours,False,True
output_cap,none,1.0,ours_shift_flag,False,True
output_cap,none,1.0,ours_input,False,True
output_cap,none,1.0,pooled,False,True
output_cap,none,1.0,per_tenant,False,True
output_cap,none,1.0,ours,False,True
output_cap,none,1.0,ours_shift_flag,False,True
output_cap,none,1.0,ours_input,False,True
output_cap,none,1.0,pooled,False,True
output_cap,none,1.0,per_tenant,False,True
output_cap,none,1.0,ours,False,True
output_cap,none,1.0,ours_shift_flag,False,True
output_cap,none,1.0,ours_input,False,True
output_cap,none,1.0,pooled,False,True
output_cap,none,1.0,per_tenant,False,True
output_cap,none,1.0,ours,False,True
output_cap,none,1.0,ours_shift_flag,False,True
output_cap,none,1.0,ours_input,False,True
output_cap,none,1.0,pooled,False,True
output_cap,none,1.0,per_tenant,False,True
output_cap,none,1.0,ours,False,True
output_cap,none,1.0,ours_shift_flag,False,True
output_cap,none,1.0,ours_input,False,True
output_cap,none,1.0,pooled,False,True
output_cap,none,1.0,per_tenant,False,True
output_cap,none,1.0,ours,False,True
output_cap,none,1.0,ours_shift_flag,False,True
output_cap,none,1.0,ours_input,False,True
output_cap,none,1.0,pooled,False,True
output_cap,none,1.0,per_tenant,False,True
output_cap,none,1.0,ours,False,True
output_cap,none,1.0,ours_shift_flag,False,True
output_cap,none,1.0,ours_input,False,True
output_cap,none,1.0,pooled,False,True
output_cap,none,1.0,per_tenant,False,True
output_cap,none,1.0,ours,False,True
output_cap,none,1.0,ours_shift_flag,False,True
output_cap,none,1.0,ours_input,False,True
output_cap,none,1.0,pooled,False,True
output_cap,none,1.0,per_tenant,False,True
output_cap,none,1.0,ours,False,True
output_cap,none,1.0,ours_shift_flag,False,True
output_cap,none,1.0,ours_input,False,True
output_cap,none,1.0,pooled,False,True
output_cap,none,1.0,per_tenant,False,True
output_cap,none,1.0,ours,False,True
output_cap,none,1.0,ours_shift_flag,False,True
output_cap,none,1.0,ours_input,False,True
output_cap,none,1.0,pooled,False,True
output_cap,none,1.0,per_tenant,False,True
output_cap,none,1.0,ours,False,True
output_cap,none,1.0,ours_shift_flag,False,True
output_cap,none,1.0,ours_input,False,True
output_cap,none,1.0,pooled,False,True
output_cap,none,1.0,per_tenant,False,True
output_cap,none,1.0,ours,False,True
output_cap,none,1.0,ours_shift_flag,False,True
output_cap,none,1.0,ours_input,False,True
output_cap,none,1.0,pooled,False,True
output_cap,none,1.0,per_tenant,False,True
output_cap,none,1.0,ours,False,True
output_cap,none,1.0,ours_shift_flag,False,True
output_cap,none,1.0,ours_input,False,True
output_cap,none,1.0,pooled,False,True
output_cap,none,1.0,per_tenant,False,True
output_cap,none,1.0,ours,False,True
output_cap,none,1.0,ours_shift_flag,False,True
output_cap,none,1.0,ours_input,False,True
output_cap,none,1.0,pooled,False,True
output_cap,none,1.0,per_tenant,False,True
output_cap,none,1.0,ours,False,True
output_cap,none,1.0,ours_shift_flag,False,True
output_cap,none,1.0,ours_input,False,True
output_cap,none,1.0,pooled,False,True
output_cap,none,1.0,per_tenant,False,True
output_cap,none,1.0,ours,False,True
output_cap,none,1.0,ours_shift_flag,False,True
output_cap,none,1.0,ours_input,False,True
output_cap,none,1.0,pooled,False,True
output_cap,none,1.0,per_tenant,False,True
output_cap,none,1.0,ours,False,True
output_cap,none,1.0,ours_shift_flag,False,True
output_cap,none,1.0,ours_input,False,True
output_cap,none,1.0,pooled,False,True
output_cap,none,1.0,per_tenant,False,True
output_cap,none,1.0,ours,False,True
output_cap,none,1.0,ours_shift_flag,False,True
output_cap,none,1.0,ours_input,False,True
output_cap,none,1.0,pooled,False,True
output_cap,none,1.0,per_tenant,False,True
output_cap,none,1.0,ours,False,True
output_cap,none,1.0,ours_shift_flag,False,True
output_cap,none,1.0,ours_input,False,True
output_cap,none,1.0,pooled,False,True
output_cap,none,1.0,per_tenant,False,True
output_cap,none,1.0,ours,False,True
output_cap,none,1.0,ours_shift_flag,False,True
output_cap,none,1.0,ours_input,False,True
output_cap,none,1.0,pooled,False,True
output_cap,none,1.0,per_tenant,False,True
output_cap,none,1.0,ours,False,True
output_cap,none,1.0,ours_shift_flag,False,True
output_cap,none,1.0,ours_input,False,True
output_cap,none,1.0,pooled,False,True
output_cap,none,1.0,per_tenant,False,True
output_cap,none,1.0,ours,False,True
output_cap,none,1.0,ours_shift_flag,False,True
output_cap,none,1.0,ours_input,False,True
output_cap,none,1.0,pooled,False,True
output_cap,none,1.0,per_tenant,False,True
output_cap,none,1.0,ours,False,True
output_cap,none,1.0,ours_shift_flag,False,True
output_cap,none,1.0,ours_input,False,True
output_cap,none,1.0,pooled,False,True
output_cap,none,1.0,per_tenant,False,True
output_cap,none,1.0,ours,False,True
output_cap,none,1.0,ours_shift_flag,False,True
output_cap,none,1.0,ours_input,False,True
output_cap,none,1.0,pooled,False,True
output_cap,none,1.0,per_tenant,False,True
output_cap,none,1.0,ours,False,True
output_cap,none,1.0,ours_shift_flag,False,True
output_cap,none,1.0,ours_input,False,True
output_cap,none,1.0,pooled,False,True
output_cap,none,1.0,per_tenant,False,True
output_cap,none,1.0,ours,False,True
output_cap,none,1.0,ours_shift_flag,False,True
output_cap,none,1.0,ours_input,False,True
output_cap,none,1.0,pooled,False,True
output_cap,none,1.0,per_tenant,False,True
output_cap,none,1.0,ours,False,True
output_cap,none,1.0,ours_shift_flag,False,True
output_cap,none,1.0,ours_input,False,True
output_cap,none,1.0,pooled,False,True
output_cap,none,1.0,per_tenant,False,True
output_cap,none,1.0,ours,False,True
output_cap,none,1.0,ours_shift_flag,False,True
output_cap,none,1.0,ours_input,False,True
output_cap,none,1.0,pooled,False,True
output_cap,none,1.0,per_tenant,False,True
output_cap,none,1.0,ours,False,True
output_cap,none,1.0,ours_shift_flag,False,True
output_cap,none,1.0,ours_input,False,True
output_cap,none,1.0,pooled,False,True
output_cap,none,1.0,per_tenant,False,True
output_cap,none,1.0,ours,False,True
output_cap,none,1.0,ours_shift_flag,False,True
output_cap,none,1.0,ours_input,False,True
output_cap,none,1.0,pooled,False,True
output_cap,none,1.0,per_tenant,False,True
output_cap,none,1.0,ours,False,True
output_cap,none,1.0,ours_shift_flag,False,True
output_cap,none,1.0,ours_input,False,True
output_cap,none,1.0,pooled,False,True
output_cap,none,1.0,per_tenant,False,True
output_cap,none,1.0,ours,False,True
output_cap,none,1.0,ours_shift_flag,False,True
output_cap,none,1.0,ours_input,False,True
output_cap,none,1.0,pooled,False,True
output_cap,none,1.0,per_tenant,False,True
output_cap,none,1.0,ours,False,True
output_cap,none,1.0,ours_shift_flag,False,True
output_cap,none,1.0,ours_input,False,True
output_cap,none,1.0,pooled,False,True
output_cap,none,1.0,per_tenant,False,True
output_cap,none,1.0,ours,False,True
output_cap,none,1.0,ours_shift_flag,False,True
output_cap,none,1.0,ours_input,False,True
output_cap,none,1.0,pooled,False,True
output_cap,none,1.0,per_tenant,False,True
output_cap,none,1.0,ours,False,True
output_cap,none,1.0,ours_shift_flag,False,True
output_cap,none,1.0,ours_input,False,True
output_cap,none,1.0,pooled,False,True
output_cap,none,1.0,per_tenant,False,True
output_cap,none,1.0,ours,False,True
output_cap,none,1.0,ours_shift_flag,False,True
output_cap,none,1.0,ours_input,False,True
output_cap,none,1.0,pooled,False,True
output_cap,none,1.0,per_tenant,False,True
output_cap,none,1.0,ours,False,True
output_cap,none,1.0,ours_shift_flag,False,True
output_cap,none,1.0,ours_input,False,True
output_cap,none,1.0,pooled,False,True
output_cap,none,1.0,per_tenant,False,True
output_cap,none,1.0,ours,False,True
output_cap,none,1.0,ours_shift_flag,False,True
output_cap,none,1.0,ours_input,False,True
output_cap,none,1.0,pooled,False,True
output_cap,none,1.0,per_tenant,False,True
output_cap,none,1.0,ours,False,True
output_cap,none,1.0,ours_shift_flag,False,True
output_cap,none,1.0,ours_input,False,True
output_cap,none,1.0,pooled,False,True
output_cap,none,1.0,per_tenant,False,True
output_cap,none,1.0,ours,False,True
output_cap,none,1.0,ours_shift_flag,False,True
output_cap,none,1.0,ours_input,False,True
output_cap,none,1.0,pooled,False,True
output_cap,none,1.0,per_tenant,False,True
output_cap,none,1.0,ours,False,True
output_cap,none,1.0,ours_shift_flag,False,True
output_cap,none,1.0,ours_input,False,True
output_cap,none,1.0,pooled,False,True
output_cap,none,1.0,per_tenant,False,True
output_cap,none,1.0,ours,False,True
output_cap,none,1.0,ours_shift_flag,False,True
output_cap,none,1.0,ours_input,False,True
output_cap,none,1.0,pooled,False,True
output_cap,none,1.0,per_tenant,False,True
output_cap,none,1.0,ours,False,True
output_cap,none,1.0,ours_shift_flag,False,True
output_cap,none,1.0,ours_input,False,True
output_cap,none,1.0,pooled,False,True
output_cap,none,1.0,per_tenant,False,True
output_cap,none,1.0,ours,False,True
output_cap,none,1.0,ours_shift_flag,False,True
output_cap,none,1.0,ours_input,False,True
output_cap,none,1.0,pooled,False,True
output_cap,none,1.0,per_tenant,False,True
output_cap,none,1.0,ours,False,True
output_cap,none,1.0,ours_shift_flag,False,True
output_cap,none,1.0,ours_input,False,True
output_cap,none,1.0,pooled,False,True
output_cap,none,1.0,per_tenant,False,True
output_cap,none,1.0,ours,False,True
output_cap,none,1.0,ours_shift_flag,False,True
output_cap,none,1.0,ours_input,False,True
output_cap,none,1.0,pooled,False,True
output_cap,none,1.0,per_tenant,False,True
output_cap,none,1.0,ours,False,True
output_cap,none,1.0,ours_shift_flag,False,True
output_cap,none,1.0,ours_input,False,True
output_cap,none,1.0,pooled,False,True
output_cap,none,1.0,per_tenant,False,True
output_cap,none,1.0,ours,False,True
output_cap,none,1.0,ours_shift_flag,False,True
output_cap,none,1.0,ours_input,False,True
output_cap,none,1.0,pooled,False,True
output_cap,none,1.0,per_tenant,False,True
output_cap,none,1.0,ours,False,True
output_cap,none,1.0,ours_shift_flag,False,True
output_cap,none,1.0,ours_input,False,True
output_cap,none,1.0,pooled,False,True
output_cap,none,1.0,per_tenant,False,True
output_cap,none,1.0,ours,False,True
output_cap,none,1.0,ours_shift_flag,False,True
output_cap,none,1.0,ours_input,False,True
output_cap,none,1.0,pooled,False,True
output_cap,none,1.0,per_tenant,False,True
output_cap,none,1.0,ours,False,True
output_cap,none,1.0,ours_shift_flag,False,True
output_cap,none,1.0,ours_input,False,True
output_cap,none,1.0,pooled,False,True
output_cap,none,1.0,per_tenant,False,True
output_cap,none,1.0,ours,False,True
output_cap,none,1.0,ours_shift_flag,False,True
output_cap,none,1.0,ours_input,False,True
output_cap,provider_fault,1.0,pooled,True,True
output_cap,provider_fault,1.0,per_tenant,True,True
output_cap,provider_fault,1.0,ours,True,True
output_cap,provider_fault,1.0,ours_shift_flag,False,True
output_cap,provider_fault,1.0,ours_input,True,True
output_cap,provider_fault,1.0,pooled,True,True
output_cap,provider_fault,1.0,per_tenant,True,True
output_cap,provider_fault,1.0,ours,True,True
output_cap,provider_fault,1.0,ours_shift_flag,False,True
output_cap,provider_fault,1.0,ours_input,True,True
output_cap,provider_fault,1.0,pooled,True,True
output_cap,provider_fault,1.0,per_tenant,True,True
output_cap,provider_fault,1.0,ours,True,True
output_cap,provider_fault,1.0,ours_shift_flag,False,True
output_cap,provider_fault,1.0,ours_input,True,True
output_cap,provider_fault,1.0,pooled,True,True
output_cap,provider_fault,1.0,per_tenant,True,True
output_cap,provider_fault,1.0,ours,True,True
output_cap,provider_fault,1.0,ours_shift_flag,False,True
output_cap,provider_fault,1.0,ours_input,True,True
output_cap,provider_fault,1.0,pooled,True,True
output_cap,provider_fault,1.0,per_tenant,True,True
output_cap,provider_fault,1.0,ours,True,True
output_cap,provider_fault,1.0,ours_shift_flag,False,True
output_cap,provider_fault,1.0,ours_input,True,True
output_cap,provider_fault,1.0,pooled,True,True
output_cap,provider_fault,1.0,per_tenant,True,True
output_cap,provider_fault,1.0,ours,True,True
output_cap,provider_fault,1.0,ours_shift_flag,False,True
output_cap,provider_fault,1.0,ours_input,True,True
output_cap,provider_fault,1.0,pooled,True,True
output_cap,provider_fault,1.0,per_tenant,True,True
output_cap,provider_fault,1.0,ours,True,True
output_cap,provider_fault,1.0,ours_shift_flag,False,True
output_cap,provider_fault,1.0,ours_input,True,True
output_cap,provider_fault,1.0,pooled,True,True
output_cap,provider_fault,1.0,per_tenant,True,True
output_cap,provider_fault,1.0,ours,True,True
output_cap,provider_fault,1.0,ours_shift_flag,False,True
output_cap,provider_fault,1.0,ours_input,True,True
output_cap,provider_fault,1.0,pooled,True,True
output_cap,provider_fault,1.0,per_tenant,True,True
output_cap,provider_fault,1.0,ours,True,True
output_cap,provider_fault,1.0,ours_shift_flag,False,True
output_cap,provider_fault,1.0,ours_input,True,True
output_cap,provider_fault,1.0,pooled,True,True
output_cap,provider_fault,1.0,per_tenant,True,True
output_cap,provider_fault,1.0,ours,True,True
output_cap,provider_fault,1.0,ours_shift_flag,False,True
output_cap,provider_fault,1.0,ours_input,True,True
output_cap,provider_fault,1.0,pooled,True,True
output_cap,provider_fault,1.0,per_tenant,True,True
output_cap,provider_fault,1.0,ours,True,True
output_cap,provider_fault,1.0,ours_shift_flag,False,True
output_cap,provider_fault,1.0,ours_input,True,True
output_cap,provider_fault,1.0,pooled,True,True
output_cap,provider_fault,1.0,per_tenant,True,True
output_cap,provider_fault,1.0,ours,True,True
output_cap,provider_fault,1.0,ours_shift_flag,False,True
output_cap,provider_fault,1.0,ours_input,True,True
output_cap,provider_fault,1.0,pooled,True,True
output_cap,provider_fault,1.0,per_tenant,True,True
output_cap,provider_fault,1.0,ours,True,True
output_cap,provider_fault,1.0,ours_shift_flag,False,True
output_cap,provider_fault,1.0,ours_input,True,True
output_cap,provider_fault,1.0,pooled,True,True
output_cap,provider_fault,1.0,per_tenant,True,True
output_cap,provider_fault,1.0,ours,True,True
output_cap,provider_fault,1.0,ours_shift_flag,False,True
output_cap,provider_fault,1.0,ours_input,True,True
output_cap,provider_fault,1.0,pooled,True,True
output_cap,provider_fault,1.0,per_tenant,True,True
output_cap,provider_fault,1.0,ours,True,True
output_cap,provider_fault,1.0,ours_shift_flag,False,True
output_cap,provider_fault,1.0,ours_input,True,True
output_cap,provider_fault,1.0,pooled,True,True
output_cap,provider_fault,1.0,per_tenant,True,True
output_cap,provider_fault,1.0,ours,True,True
output_cap,provider_fault,1.0,ours_shift_flag,False,True
output_cap,provider_fault,1.0,ours_input,True,True
output_cap,provider_fault,1.0,pooled,True,True
output_cap,provider_fault,1.0,per_tenant,True,True
output_cap,provider_fault,1.0,ours,True,True
output_cap,provider_fault,1.0,ours_shift_flag,False,True
output_cap,provider_fault,1.0,ours_input,True,True
output_cap,provider_fault,1.0,pooled,True,True
output_cap,provider_fault,1.0,per_tenant,True,True
output_cap,provider_fault,1.0,ours,True,True
output_cap,provider_fault,1.0,ours_shift_flag,False,True
output_cap,provider_fault,1.0,ours_input,True,True
output_cap,provider_fault,1.0,pooled,True,True
output_cap,provider_fault,1.0,per_tenant,True,True
output_cap,provider_fault,1.0,ours,True,True
output_cap,provider_fault,1.0,ours_shift_flag,False,True
output_cap,provider_fault,1.0,ours_input,True,True
output_cap,provider_fault,1.0,pooled,True,True
output_cap,provider_fault,1.0,per_tenant,True,True
output_cap,provider_fault,1.0,ours,True,True
output_cap,provider_fault,1.0,ours_shift_flag,False,True
output_cap,provider_fault,1.0,ours_input,True,True
output_cap,provider_fault,1.0,pooled,True,True
output_cap,provider_fault,1.0,per_tenant,True,True
output_cap,provider_fault,1.0,ours,True,True
output_cap,provider_fault,1.0,ours_shift_flag,False,True
output_cap,provider_fault,1.0,ours_input,True,True
output_cap,provider_fault,1.0,pooled,True,True
output_cap,provider_fault,1.0,per_tenant,True,True
output_cap,provider_fault,1.0,ours,True,True
output_cap,provider_fault,1.0,ours_shift_flag,False,True
output_cap,provider_fault,1.0,ours_input,True,True
output_cap,provider_fault,1.0,pooled,True,True
output_cap,provider_fault,1.0,per_tenant,True,True
output_cap,provider_fault,1.0,ours,True,True
output_cap,provider_fault,1.0,ours_shift_flag,False,True
output_cap,provider_fault,1.0,ours_input,True,True
output_cap,provider_fault,1.0,pooled,True,True
output_cap,provider_fault,1.0,per_tenant,True,True
output_cap,provider_fault,1.0,ours,True,True
output_cap,provider_fault,1.0,ours_shift_flag,False,True
output_cap,provider_fault,1.0,ours_input,True,True
output_cap,provider_fault,1.0,pooled,True,True
output_cap,provider_fault,1.0,per_tenant,True,True
output_cap,provider_fault,1.0,ours,True,True
output_cap,provider_fault,1.0,ours_shift_flag,False,True
output_cap,provider_fault,1.0,ours_input,True,True
output_cap,provider_fault,1.0,pooled,True,True
output_cap,provider_fault,1.0,per_tenant,True,True
output_cap,provider_fault,1.0,ours,True,True
output_cap,provider_fault,1.0,ours_shift_flag,False,True
output_cap,provider_fault,1.0,ours_input,True,True
output_cap,provider_fault,1.0,pooled,True,True
output_cap,provider_fault,1.0,per_tenant,True,True
output_cap,provider_fault,1.0,ours,True,True
output_cap,provider_fault,1.0,ours_shift_flag,False,True
output_cap,provider_fault,1.0,ours_input,True,True
output_cap,provider_fault,1.0,pooled,True,True
output_cap,provider_fault,1.0,per_tenant,True,True
output_cap,provider_fault,1.0,ours,True,True
output_cap,provider_fault,1.0,ours_shift_flag,False,True
output_cap,provider_fault,1.0,ours_input,True,True
output_cap,provider_fault,1.0,pooled,True,True
output_cap,provider_fault,1.0,per_tenant,True,True
output_cap,provider_fault,1.0,ours,True,True
output_cap,provider_fault,1.0,ours_shift_flag,False,True
output_cap,provider_fault,1.0,ours_input,True,True
output_cap,provider_fault,1.0,pooled,True,True
output_cap,provider_fault,1.0,per_tenant,True,True
output_cap,provider_fault,1.0,ours,True,True
output_cap,provider_fault,1.0,ours_shift_flag,False,True
output_cap,provider_fault,1.0,ours_input,True,True
output_cap,provider_fault,1.0,pooled,True,True
output_cap,provider_fault,1.0,per_tenant,True,True
output_cap,provider_fault,1.0,ours,True,True
output_cap,provider_fault,1.0,ours_shift_flag,False,True
output_cap,provider_fault,1.0,ours_input,True,True
output_cap,provider_fault,1.0,pooled,True,True
output_cap,provider_fault,1.0,per_tenant,True,True
output_cap,provider_fault,1.0,ours,True,True
output_cap,provider_fault,1.0,ours_shift_flag,False,True
output_cap,provider_fault,1.0,ours_input,True,True
output_cap,provider_fault,1.0,pooled,True,True
output_cap,provider_fault,1.0,per_tenant,True,True
output_cap,provider_fault,1.0,ours,True,True
output_cap,provider_fault,1.0,ours_shift_flag,False,True
output_cap,provider_fault,1.0,ours_input,True,True
output_cap,provider_fault,1.0,pooled,True,True
output_cap,provider_fault,1.0,per_tenant,True,True
output_cap,provider_fault,1.0,ours,True,True
output_cap,provider_fault,1.0,ours_shift_flag,False,True
output_cap,provider_fault,1.0,ours_input,True,True
output_cap,provider_fault,1.0,pooled,True,True
output_cap,provider_fault,1.0,per_tenant,True,True
output_cap,provider_fault,1.0,ours,True,True
output_cap,provider_fault,1.0,ours_shift_flag,False,True
output_cap,provider_fault,1.0,ours_input,True,True
output_cap,provider_fault,1.0,pooled,True,True
output_cap,provider_fault,1.0,per_tenant,True,True
output_cap,provider_fault,1.0,ours,True,True
output_cap,provider_fault,1.0,ours_shift_flag,False,True
output_cap,provider_fault,1.0,ours_input,True,True
output_cap,provider_fault,1.0,pooled,True,True
output_cap,provider_fault,1.0,per_tenant,True,True
output_cap,provider_fault,1.0,ours,True,True
output_cap,provider_fault,1.0,ours_shift_flag,False,True
output_cap,provider_fault,1.0,ours_input,True,True
output_cap,provider_fault,1.0,pooled,True,True
output_cap,provider_fault,1.0,per_tenant,True,True
output_cap,provider_fault,1.0,ours,True,True
output_cap,provider_fault,1.0,ours_shift_flag,False,True
output_cap,provider_fault,1.0,ours_input,True,True
output_cap,provider_fault,1.0,pooled,True,True
output_cap,provider_fault,1.0,per_tenant,True,True
output_cap,provider_fault,1.0,ours,True,True
output_cap,provider_fault,1.0,ours_shift_flag,False,True
output_cap,provider_fault,1.0,ours_input,True,True
output_cap,provider_fault,1.0,pooled,True,True
output_cap,provider_fault,1.0,per_tenant,True,True
output_cap,provider_fault,1.0,ours,True,True
output_cap,provider_fault,1.0,ours_shift_flag,False,True
output_cap,provider_fault,1.0,ours_input,True,True
output_cap,provider_fault,1.0,pooled,True,True
output_cap,provider_fault,1.0,per_tenant,True,True
output_cap,provider_fault,1.0,ours,True,True
output_cap,provider_fault,1.0,ours_shift_flag,False,True
output_cap,provider_fault,1.0,ours_input,True,True
output_cap,provider_fault,1.0,pooled,True,True
output_cap,provider_fault,1.0,per_tenant,True,True
output_cap,provider_fault,1.0,ours,True,True
output_cap,provider_fault,1.0,ours_shift_flag,False,True
output_cap,provider_fault,1.0,ours_input,True,True
output_cap,provider_fault,1.0,pooled,True,True
output_cap,provider_fault,1.0,per_tenant,True,True
output_cap,provider_fault,1.0,ours,True,True
output_cap,provider_fault,1.0,ours_shift_flag,False,True
output_cap,provider_fault,1.0,ours_input,True,True
output_cap,provider_fault,1.0,pooled,True,True
output_cap,provider_fault,1.0,per_tenant,True,True
output_cap,provider_fault,1.0,ours,True,True
output_cap,provider_fault,1.0,ours_shift_flag,False,True
output_cap,provider_fault,1.0,ours_input,True,True
output_cap,provider_fault,1.0,pooled,True,True
output_cap,provider_fault,1.0,per_tenant,True,True
output_cap,provider_fault,1.0,ours,True,True
output_cap,provider_fault,1.0,ours_shift_flag,False,True
output_cap,provider_fault,1.0,ours_input,True,True
output_cap,provider_fault,1.0,pooled,True,True
output_cap,provider_fault,1.0,per_tenant,True,True
output_cap,provider_fault,1.0,ours,True,True
output_cap,provider_fault,1.0,ours_shift_flag,False,True
output_cap,provider_fault,1.0,ours_input,True,True
output_cap,provider_fault,1.0,pooled,True,True
output_cap,provider_fault,1.0,per_tenant,True,True
output_cap,provider_fault,1.0,ours,True,True
output_cap,provider_fault,1.0,ours_shift_flag,False,True
output_cap,provider_fault,1.0,ours_input,True,True
output_cap,provider_fault,1.0,pooled,True,True
output_cap,provider_fault,1.0,per_tenant,True,True
output_cap,provider_fault,1.0,ours,True,True
output_cap,provider_fault,1.0,ours_shift_flag,False,True
output_cap,provider_fault,1.0,ours_input,True,True
output_cap,provider_fault,1.0,pooled,True,True
output_cap,provider_fault,1.0,per_tenant,True,True
output_cap,provider_fault,1.0,ours,True,True
output_cap,provider_fault,1.0,ours_shift_flag,False,True
output_cap,provider_fault,1.0,ours_input,True,True
output_cap,provider_fault,1.0,pooled,True,True
output_cap,provider_fault,1.0,per_tenant,True,True
output_cap,provider_fault,1.0,ours,True,True
output_cap,provider_fault,1.0,ours_shift_flag,False,True
output_cap,provider_fault,1.0,ours_input,True,True
output_cap,provider_fault,1.0,pooled,True,True
output_cap,provider_fault,1.0,per_tenant,True,True
output_cap,provider_fault,1.0,ours,True,True
output_cap,provider_fault,1.0,ours_shift_flag,False,True
output_cap,provider_fault,1.0,ours_input,True,True
output_cap,provider_fault,1.0,pooled,True,True
output_cap,provider_fault,1.0,per_tenant,True,True
output_cap,provider_fault,1.0,ours,True,True
output_cap,provider_fault,1.0,ours_shift_flag,False,True
output_cap,provider_fault,1.0,ours_input,True,True
output_cap,provider_fault,1.0,pooled,True,True
output_cap,provider_fault,1.0,per_tenant,True,True
output_cap,provider_fault,1.0,ours,True,True
output_cap,provider_fault,1.0,ours_shift_flag,False,True
output_cap,provider_fault,1.0,ours_input,True,True
output_cap,provider_fault,1.0,pooled,True,True
output_cap,provider_fault,1.0,per_tenant,True,True
output_cap,provider_fault,1.0,ours,True,True
output_cap,provider_fault,1.0,ours_shift_flag,False,True
output_cap,provider_fault,1.0,ours_input,True,True
output_cap,provider_fault,1.0,pooled,True,True
output_cap,provider_fault,1.0,per_tenant,True,True
output_cap,provider_fault,1.0,ours,True,True
output_cap,provider_fault,1.0,ours_shift_flag,False,True
output_cap,provider_fault,1.0,ours_input,True,True
output_cap,provider_fault,1.0,pooled,True,True
output_cap,provider_fault,1.0,per_tenant,True,True
output_cap,provider_fault,1.0,ours,True,True
output_cap,provider_fault,1.0,ours_shift_flag,False,True
output_cap,provider_fault,1.0,ours_input,True,True
output_cap,provider_fault,1.0,pooled,True,True
output_cap,provider_fault,1.0,per_tenant,True,True
output_cap,provider_fault,1.0,ours,True,True
output_cap,provider_fault,1.0,ours_shift_flag,False,True
output_cap,provider_fault,1.0,ours_input,True,True
output_cap,provider_fault,1.0,pooled,True,True
output_cap,provider_fault,1.0,per_tenant,True,True
output_cap,provider_fault,1.0,ours,True,True
output_cap,provider_fault,1.0,ours_shift_flag,False,True
output_cap,provider_fault,1.0,ours_input,True,True
output_cap,provider_fault,1.0,pooled,True,True
output_cap,provider_fault,1.0,per_tenant,True,True
output_cap,provider_fault,1.0,ours,True,True
output_cap,provider_fault,1.0,ours_shift_flag,False,True
output_cap,provider_fault,1.0,ours_input,True,True
output_cap,provider_fault,1.0,pooled,True,True
output_cap,provider_fault,1.0,per_tenant,True,True
output_cap,provider_fault,1.0,ours,True,True
output_cap,provider_fault,1.0,ours_shift_flag,False,True
output_cap,provider_fault,1.0,ours_input,True,True
output_cap,traffic_shift,1.0,pooled,True,False
output_cap,traffic_shift,1.0,per_tenant,True,False
output_cap,traffic_shift,1.0,ours,True,False
output_cap,traffic_shift,1.0,ours_shift_flag,True,True
output_cap,traffic_shift,1.0,ours_input,False,True
output_cap,traffic_shift,1.0,pooled,True,False
output_cap,traffic_shift,1.0,per_tenant,True,False
output_cap,traffic_shift,1.0,ours,True,False
output_cap,traffic_shift,1.0,ours_shift_flag,True,True
output_cap,traffic_shift,1.0,ours_input,False,True
output_cap,traffic_shift,1.0,pooled,True,False
output_cap,traffic_shift,1.0,per_tenant,True,False
output_cap,traffic_shift,1.0,ours,True,False
output_cap,traffic_shift,1.0,ours_shift_flag,True,True
output_cap,traffic_shift,1.0,ours_input,False,True
output_cap,traffic_shift,1.0,pooled,True,False
output_cap,traffic_shift,1.0,per_tenant,True,False
output_cap,traffic_shift,1.0,ours,True,False
output_cap,traffic_shift,1.0,ours_shift_flag,True,True
output_cap,traffic_shift,1.0,ours_input,False,True
output_cap,traffic_shift,1.0,pooled,True,False
output_cap,traffic_shift,1.0,per_tenant,True,False
output_cap,traffic_shift,1.0,ours,True,False
output_cap,traffic_shift,1.0,ours_shift_flag,True,True
output_cap,traffic_shift,1.0,ours_input,False,True
output_cap,traffic_shift,1.0,pooled,True,False
output_cap,traffic_shift,1.0,per_tenant,True,False
output_cap,traffic_shift,1.0,ours,True,False
output_cap,traffic_shift,1.0,ours_shift_flag,True,True
output_cap,traffic_shift,1.0,ours_input,False,True
output_cap,traffic_shift,1.0,pooled,True,False
output_cap,traffic_shift,1.0,per_tenant,True,False
output_cap,traffic_shift,1.0,ours,True,False
output_cap,traffic_shift,1.0,ours_shift_flag,True,True
output_cap,traffic_shift,1.0,ours_input,False,True
output_cap,traffic_shift,1.0,pooled,True,False
output_cap,traffic_shift,1.0,per_tenant,True,False
output_cap,traffic_shift,1.0,ours,True,False
output_cap,traffic_shift,1.0,ours_shift_flag,True,True
output_cap,traffic_shift,1.0,ours_input,False,True
output_cap,traffic_shift,1.0,pooled,True,False
output_cap,traffic_shift,1.0,per_tenant,True,False
output_cap,traffic_shift,1.0,ours,True,False
output_cap,traffic_shift,1.0,ours_shift_flag,True,True
output_cap,traffic_shift,1.0,ours_input,False,True
output_cap,traffic_shift,1.0,pooled,True,False
output_cap,traffic_shift,1.0,per_tenant,True,False
output_cap,traffic_shift,1.0,ours,True,False
output_cap,traffic_shift,1.0,ours_shift_flag,True,True
output_cap,traffic_shift,1.0,ours_input,False,True
output_cap,traffic_shift,1.0,pooled,True,False
output_cap,traffic_shift,1.0,per_tenant,True,False
output_cap,traffic_shift,1.0,ours,True,False
output_cap,traffic_shift,1.0,ours_shift_flag,True,True
output_cap,traffic_shift,1.0,ours_input,False,True
output_cap,traffic_shift,1.0,pooled,True,False
output_cap,traffic_shift,1.0,per_tenant,True,False
output_cap,traffic_shift,1.0,ours,True,False
output_cap,traffic_shift,1.0,ours_shift_flag,True,True
output_cap,traffic_shift,1.0,ours_input,False,True
output_cap,traffic_shift,1.0,pooled,True,False
output_cap,traffic_shift,1.0,per_tenant,True,False
output_cap,traffic_shift,1.0,ours,True,False
output_cap,traffic_shift,1.0,ours_shift_flag,True,True
output_cap,traffic_shift,1.0,ours_input,False,True
output_cap,traffic_shift,1.0,pooled,True,False
output_cap,traffic_shift,1.0,per_tenant,True,False
output_cap,traffic_shift,1.0,ours,True,False
output_cap,traffic_shift,1.0,ours_shift_flag,True,True
output_cap,traffic_shift,1.0,ours_input,False,True
output_cap,traffic_shift,1.0,pooled,True,False
output_cap,traffic_shift,1.0,per_tenant,True,False
output_cap,traffic_shift,1.0,ours,True,False
output_cap,traffic_shift,1.0,ours_shift_flag,True,True
output_cap,traffic_shift,1.0,ours_input,False,True
output_cap,traffic_shift,1.0,pooled,True,False
output_cap,traffic_shift,1.0,per_tenant,True,False
output_cap,traffic_shift,1.0,ours,True,False
output_cap,traffic_shift,1.0,ours_shift_flag,True,True
output_cap,traffic_shift,1.0,ours_input,False,True
output_cap,traffic_shift,1.0,pooled,True,False
output_cap,traffic_shift,1.0,per_tenant,True,False
output_cap,traffic_shift,1.0,ours,True,False
output_cap,traffic_shift,1.0,ours_shift_flag,True,True
output_cap,traffic_shift,1.0,ours_input,False,True
output_cap,traffic_shift,1.0,pooled,True,False
output_cap,traffic_shift,1.0,per_tenant,True,False
output_cap,traffic_shift,1.0,ours,True,False
output_cap,traffic_shift,1.0,ours_shift_flag,True,True
output_cap,traffic_shift,1.0,ours_input,False,True
output_cap,traffic_shift,1.0,pooled,True,False
output_cap,traffic_shift,1.0,per_tenant,True,False
output_cap,traffic_shift,1.0,ours,True,False
output_cap,traffic_shift,1.0,ours_shift_flag,True,True
output_cap,traffic_shift,1.0,ours_input,False,True
output_cap,traffic_shift,1.0,pooled,True,False
output_cap,traffic_shift,1.0,per_tenant,True,False
output_cap,traffic_shift,1.0,ours,True,False
output_cap,traffic_shift,1.0,ours_shift_flag,True,True
output_cap,traffic_shift,1.0,ours_input,False,True
output_cap,traffic_shift,1.0,pooled,True,False
output_cap,traffic_shift,1.0,per_tenant,True,False
output_cap,traffic_shift,1.0,ours,True,False
output_cap,traffic_shift,1.0,ours_shift_flag,True,True
output_cap,traffic_shift,1.0,ours_input,False,True
output_cap,traffic_shift,1.0,pooled,True,False
output_cap,traffic_shift,1.0,per_tenant,True,False
output_cap,traffic_shift,1.0,ours,True,False
output_cap,traffic_shift,1.0,ours_shift_flag,True,True
output_cap,traffic_shift,1.0,ours_input,False,True
output_cap,traffic_shift,1.0,pooled,True,False
output_cap,traffic_shift,1.0,per_tenant,True,False
output_cap,traffic_shift,1.0,ours,True,False
output_cap,traffic_shift,1.0,ours_shift_flag,True,True
output_cap,traffic_shift,1.0,ours_input,False,True
output_cap,traffic_shift,1.0,pooled,True,False
output_cap,traffic_shift,1.0,per_tenant,True,False
output_cap,traffic_shift,1.0,ours,True,False
output_cap,traffic_shift,1.0,ours_shift_flag,True,True
output_cap,traffic_shift,1.0,ours_input,False,True
output_cap,traffic_shift,1.0,pooled,True,False
output_cap,traffic_shift,1.0,per_tenant,True,False
output_cap,traffic_shift,1.0,ours,True,False
output_cap,traffic_shift,1.0,ours_shift_flag,True,True
output_cap,traffic_shift,1.0,ours_input,False,True
output_cap,traffic_shift,1.0,pooled,True,False
output_cap,traffic_shift,1.0,per_tenant,True,False
output_cap,traffic_shift,1.0,ours,True,False
output_cap,traffic_shift,1.0,ours_shift_flag,True,True
output_cap,traffic_shift,1.0,ours_input,False,True
output_cap,traffic_shift,1.0,pooled,True,False
output_cap,traffic_shift,1.0,per_tenant,True,False
output_cap,traffic_shift,1.0,ours,True,False
output_cap,traffic_shift,1.0,ours_shift_flag,True,True
output_cap,traffic_shift,1.0,ours_input,False,True
output_cap,traffic_shift,1.0,pooled,True,False
output_cap,traffic_shift,1.0,per_tenant,True,False
output_cap,traffic_shift,1.0,ours,True,False
output_cap,traffic_shift,1.0,ours_shift_flag,True,True
output_cap,traffic_shift,1.0,ours_input,False,True
output_cap,traffic_shift,1.0,pooled,True,False
output_cap,traffic_shift,1.0,per_tenant,True,False
output_cap,traffic_shift,1.0,ours,True,False
output_cap,traffic_shift,1.0,ours_shift_flag,True,True
output_cap,traffic_shift,1.0,ours_input,False,True
output_cap,traffic_shift,1.0,pooled,True,False
output_cap,traffic_shift,1.0,per_tenant,True,False
output_cap,traffic_shift,1.0,ours,True,False
output_cap,traffic_shift,1.0,ours_shift_flag,True,True
output_cap,traffic_shift,1.0,ours_input,False,True
output_cap,traffic_shift,1.0,pooled,True,False
output_cap,traffic_shift,1.0,per_tenant,True,False
output_cap,traffic_shift,1.0,ours,True,False
output_cap,traffic_shift,1.0,ours_shift_flag,True,True
output_cap,traffic_shift,1.0,ours_input,False,True
output_cap,traffic_shift,1.0,pooled,True,False
output_cap,traffic_shift,1.0,per_tenant,True,False
output_cap,traffic_shift,1.0,ours,True,False
output_cap,traffic_shift,1.0,ours_shift_flag,True,True
output_cap,traffic_shift,1.0,ours_input,False,True
output_cap,traffic_shift,1.0,pooled,True,False
output_cap,traffic_shift,1.0,per_tenant,True,False
output_cap,traffic_shift,1.0,ours,True,False
output_cap,traffic_shift,1.0,ours_shift_flag,True,True
output_cap,traffic_shift,1.0,ours_input,False,True
output_cap,traffic_shift,1.0,pooled,True,False
output_cap,traffic_shift,1.0,per_tenant,True,False
output_cap,traffic_shift,1.0,ours,True,False
output_cap,traffic_shift,1.0,ours_shift_flag,True,True
output_cap,traffic_shift,1.0,ours_input,False,True
output_cap,traffic_shift,1.0,pooled,True,False
output_cap,traffic_shift,1.0,per_tenant,True,False
output_cap,traffic_shift,1.0,ours,True,False
output_cap,traffic_shift,1.0,ours_shift_flag,True,True
output_cap,traffic_shift,1.0,ours_input,False,True
output_cap,traffic_shift,1.0,pooled,True,False
output_cap,traffic_shift,1.0,per_tenant,True,False
output_cap,traffic_shift,1.0,ours,True,False
output_cap,traffic_shift,1.0,ours_shift_flag,True,True
output_cap,traffic_shift,1.0,ours_input,False,True
output_cap,traffic_shift,1.0,pooled,True,False
output_cap,traffic_shift,1.0,per_tenant,True,False
output_cap,traffic_shift,1.0,ours,True,False
output_cap,traffic_shift,1.0,ours_shift_flag,True,True
output_cap,traffic_shift,1.0,ours_input,False,True
output_cap,traffic_shift,1.0,pooled,True,False
output_cap,traffic_shift,1.0,per_tenant,True,False
output_cap,traffic_shift,1.0,ours,True,False
output_cap,traffic_shift,1.0,ours_shift_flag,True,True
output_cap,traffic_shift,1.0,ours_input,False,True
output_cap,traffic_shift,1.0,pooled,True,False
output_cap,traffic_shift,1.0,per_tenant,True,False
output_cap,traffic_shift,1.0,ours,True,False
output_cap,traffic_shift,1.0,ours_shift_flag,True,True
output_cap,traffic_shift,1.0,ours_input,False,True
output_cap,traffic_shift,1.0,pooled,True,False
output_cap,traffic_shift,1.0,per_tenant,True,False
output_cap,traffic_shift,1.0,ours,True,False
output_cap,traffic_shift,1.0,ours_shift_flag,True,True
output_cap,traffic_shift,1.0,ours_input,False,True
output_cap,traffic_shift,1.0,pooled,True,False
output_cap,traffic_shift,1.0,per_tenant,True,False
output_cap,traffic_shift,1.0,ours,True,False
output_cap,traffic_shift,1.0,ours_shift_flag,True,True
output_cap,traffic_shift,1.0,ours_input,False,True
output_cap,traffic_shift,1.0,pooled,True,False
output_cap,traffic_shift,1.0,per_tenant,True,False
output_cap,traffic_shift,1.0,ours,True,False
output_cap,traffic_shift,1.0,ours_shift_flag,True,True
output_cap,traffic_shift,1.0,ours_input,False,True
output_cap,traffic_shift,1.0,pooled,True,False
output_cap,traffic_shift,1.0,per_tenant,True,False
output_cap,traffic_shift,1.0,ours,True,False
output_cap,traffic_shift,1.0,ours_shift_flag,True,True
output_cap,traffic_shift,1.0,ours_input,False,True
output_cap,traffic_shift,1.0,pooled,True,False
output_cap,traffic_shift,1.0,per_tenant,True,False
output_cap,traffic_shift,1.0,ours,True,False
output_cap,traffic_shift,1.0,ours_shift_flag,True,True
output_cap,traffic_shift,1.0,ours_input,False,True
output_cap,traffic_shift,1.0,pooled,True,False
output_cap,traffic_shift,1.0,per_tenant,True,False
output_cap,traffic_shift,1.0,ours,True,False
output_cap,traffic_shift,1.0,ours_shift_flag,True,True
output_cap,traffic_shift,1.0,ours_input,False,True
output_cap,traffic_shift,1.0,pooled,True,False
output_cap,traffic_shift,1.0,per_tenant,True,False
output_cap,traffic_shift,1.0,ours,True,False
output_cap,traffic_shift,1.0,ours_shift_flag,True,True
output_cap,traffic_shift,1.0,ours_input,False,True
output_cap,traffic_shift,1.0,pooled,True,False
output_cap,traffic_shift,1.0,per_tenant,True,False
output_cap,traffic_shift,1.0,ours,True,False
output_cap,traffic_shift,1.0,ours_shift_flag,True,True
output_cap,traffic_shift,1.0,ours_input,False,True
output_cap,traffic_shift,1.0,pooled,True,False
output_cap,traffic_shift,1.0,per_tenant,True,False
output_cap,traffic_shift,1.0,ours,True,False
output_cap,traffic_shift,1.0,ours_shift_flag,True,True
output_cap,traffic_shift,1.0,ours_input,False,True
output_cap,traffic_shift,1.0,pooled,True,False
output_cap,traffic_shift,1.0,per_tenant,True,False
output_cap,traffic_shift,1.0,ours,True,False
output_cap,traffic_shift,1.0,ours_shift_flag,True,True
output_cap,traffic_shift,1.0,ours_input,False,True
output_cap,traffic_shift,1.0,pooled,True,False
output_cap,traffic_shift,1.0,per_tenant,True,False
output_cap,traffic_shift,1.0,ours,True,False
output_cap,traffic_shift,1.0,ours_shift_flag,True,True
output_cap,traffic_shift,1.0,ours_input,False,True
output_cap,traffic_shift,1.0,pooled,True,False
output_cap,traffic_shift,1.0,per_tenant,True,False
output_cap,traffic_shift,1.0,ours,True,False
output_cap,traffic_shift,1.0,ours_shift_flag,True,True
output_cap,traffic_shift,1.0,ours_input,False,True
output_cap,traffic_shift,1.0,pooled,True,False
output_cap,traffic_shift,1.0,per_tenant,True,False
output_cap,traffic_shift,1.0,ours,True,False
output_cap,traffic_shift,1.0,ours_shift_flag,True,True
output_cap,traffic_shift,1.0,ours_input,False,True
output_cap,traffic_shift,1.0,pooled,True,False
output_cap,traffic_shift,1.0,per_tenant,True,False
output_cap,traffic_shift,1.0,ours,True,False
output_cap,traffic_shift,1.0,ours_shift_flag,True,True
output_cap,traffic_shift,1.0,ours_input,False,True
output_cap,traffic_shift,1.0,pooled,True,False
output_cap,traffic_shift,1.0,per_tenant,True,False
output_cap,traffic_shift,1.0,ours,True,False
output_cap,traffic_shift,1.0,ours_shift_flag,True,True
output_cap,traffic_shift,1.0,ours_input,False,True
output_cap,traffic_shift,1.0,pooled,True,False
output_cap,traffic_shift,1.0,per_tenant,True,False
output_cap,traffic_shift,1.0,ours,True,False
output_cap,traffic_shift,1.0,ours_shift_flag,True,True
output_cap,traffic_shift,1.0,ours_input,False,True
output_cap,traffic_shift,1.0,pooled,True,False
output_cap,traffic_shift,1.0,per_tenant,True,False
output_cap,traffic_shift,1.0,ours,True,False
output_cap,traffic_shift,1.0,ours_shift_flag,True,True
output_cap,traffic_shift,1.0,ours_input,False,True
output_cap,traffic_shift,1.0,pooled,True,False
output_cap,traffic_shift,1.0,per_tenant,True,False
output_cap,traffic_shift,1.0,ours,True,False
output_cap,traffic_shift,1.0,ours_shift_flag,True,True
output_cap,traffic_shift,1.0,ours_input,False,True
output_cap,traffic_shift,1.0,pooled,True,False
output_cap,traffic_shift,1.0,per_tenant,True,False
output_cap,traffic_shift,1.0,ours,True,False
output_cap,traffic_shift,1.0,ours_shift_flag,True,True
output_cap,traffic_shift,1.0,ours_input,False,True
output_cap,traffic_shift,1.0,pooled,True,False
output_cap,traffic_shift,1.0,per_tenant,True,False
output_cap,traffic_shift,1.0,ours,True,False
output_cap,traffic_shift,1.0,ours_shift_flag,True,True
output_cap,traffic_shift,1.0,ours_input,False,True
output_cap,traffic_shift,1.0,pooled,True,False
output_cap,traffic_shift,1.0,per_tenant,True,False
output_cap,traffic_shift,1.0,ours,True,False
output_cap,traffic_shift,1.0,ours_shift_flag,True,True
output_cap,traffic_shift,1.0,ours_input,False,True
output_cap,both,1.0,pooled,True,True
output_cap,both,1.0,per_tenant,True,True
output_cap,both,1.0,ours,True,True
output_cap,both,1.0,ours_shift_flag,True,True
output_cap,both,1.0,ours_input,True,True
output_cap,both,1.0,pooled,True,True
output_cap,both,1.0,per_tenant,True,True
output_cap,both,1.0,ours,True,True
output_cap,both,1.0,ours_shift_flag,True,True
output_cap,both,1.0,ours_input,True,True
output_cap,both,1.0,pooled,True,True
output_cap,both,1.0,per_tenant,True,True
output_cap,both,1.0,ours,True,True
output_cap,both,1.0,ours_shift_flag,True,True
output_cap,both,1.0,ours_input,True,True
output_cap,both,1.0,pooled,True,True
output_cap,both,1.0,per_tenant,True,True
output_cap,both,1.0,ours,True,True
output_cap,both,1.0,ours_shift_flag,True,True
output_cap,both,1.0,ours_input,True,True
output_cap,both,1.0,pooled,True,True
output_cap,both,1.0,per_tenant,True,True
output_cap,both,1.0,ours,True,True
output_cap,both,1.0,ours_shift_flag,True,True
output_cap,both,1.0,ours_input,True,True
output_cap,both,1.0,pooled,True,True
output_cap,both,1.0,per_tenant,True,True
output_cap,both,1.0,ours,True,True
output_cap,both,1.0,ours_shift_flag,True,True
output_cap,both,1.0,ours_input,False,False
output_cap,both,1.0,pooled,True,True
output_cap,both,1.0,per_tenant,True,True
output_cap,both,1.0,ours,True,True
output_cap,both,1.0,ours_shift_flag,True,True
output_cap,both,1.0,ours_input,True,True
output_cap,both,1.0,pooled,True,True
output_cap,both,1.0,per_tenant,True,True
output_cap,both,1.0,ours,True,True
output_cap,both,1.0,ours_shift_flag,True,True
output_cap,both,1.0,ours_input,True,True
output_cap,both,1.0,pooled,True,True
output_cap,both,1.0,per_tenant,True,True
output_cap,both,1.0,ours,True,True
output_cap,both,1.0,ours_shift_flag,True,True
output_cap,both,1.0,ours_input,True,True
output_cap,both,1.0,pooled,True,True
output_cap,both,1.0,per_tenant,True,True
output_cap,both,1.0,ours,True,True
output_cap,both,1.0,ours_shift_flag,True,True
output_cap,both,1.0,ours_input,True,True
output_cap,both,1.0,pooled,True,True
output_cap,both,1.0,per_tenant,True,True
output_cap,both,1.0,ours,True,True
output_cap,both,1.0,ours_shift_flag,True,True
output_cap,both,1.0,ours_input,True,True
output_cap,both,1.0,pooled,True,True
output_cap,both,1.0,per_tenant,True,True
output_cap,both,1.0,ours,True,True
output_cap,both,1.0,ours_shift_flag,True,True
output_cap,both,1.0,ours_input,True,True
output_cap,both,1.0,pooled,True,True
output_cap,both,1.0,per_tenant,True,True
output_cap,both,1.0,ours,True,True
output_cap,both,1.0,ours_shift_flag,True,True
output_cap,both,1.0,ours_input,True,True
output_cap,both,1.0,pooled,True,True
output_cap,both,1.0,per_tenant,True,True
output_cap,both,1.0,ours,True,True
output_cap,both,1.0,ours_shift_flag,True,True
output_cap,both,1.0,ours_input,True,True
output_cap,both,1.0,pooled,True,True
output_cap,both,1.0,per_tenant,True,True
output_cap,both,1.0,ours,True,True
output_cap,both,1.0,ours_shift_flag,True,True
output_cap,both,1.0,ours_input,True,True
output_cap,both,1.0,pooled,True,True
output_cap,both,1.0,per_tenant,True,True
output_cap,both,1.0,ours,True,True
output_cap,both,1.0,ours_shift_flag,True,True
output_cap,both,1.0,ours_input,True,True
output_cap,both,1.0,pooled,True,True
output_cap,both,1.0,per_tenant,True,True
output_cap,both,1.0,ours,True,True
output_cap,both,1.0,ours_shift_flag,True,True
output_cap,both,1.0,ours_input,True,True
output_cap,both,1.0,pooled,True,True
output_cap,both,1.0,per_tenant,True,True
output_cap,both,1.0,ours,True,True
output_cap,both,1.0,ours_shift_flag,True,True
output_cap,both,1.0,ours_input,True,True
output_cap,both,1.0,pooled,True,True
output_cap,both,1.0,per_tenant,True,True
output_cap,both,1.0,ours,True,True
output_cap,both,1.0,ours_shift_flag,True,True
output_cap,both,1.0,ours_input,True,True
output_cap,both,1.0,pooled,True,True
output_cap,both,1.0,per_tenant,True,True
output_cap,both,1.0,ours,True,True
output_cap,both,1.0,ours_shift_flag,True,True
output_cap,both,1.0,ours_input,True,True
output_cap,both,1.0,pooled,True,True
output_cap,both,1.0,per_tenant,True,True
output_cap,both,1.0,ours,True,True
output_cap,both,1.0,ours_shift_flag,True,True
output_cap,both,1.0,ours_input,True,True
output_cap,both,1.0,pooled,True,True
output_cap,both,1.0,per_tenant,True,True
output_cap,both,1.0,ours,True,True
output_cap,both,1.0,ours_shift_flag,True,True
output_cap,both,1.0,ours_input,True,True
output_cap,both,1.0,pooled,True,True
output_cap,both,1.0,per_tenant,True,True
output_cap,both,1.0,ours,True,True
output_cap,both,1.0,ours_shift_flag,True,True
output_cap,both,1.0,ours_input,True,True
output_cap,both,1.0,pooled,True,True
output_cap,both,1.0,per_tenant,True,True
output_cap,both,1.0,ours,True,True
output_cap,both,1.0,ours_shift_flag,True,True
output_cap,both,1.0,ours_input,True,True
output_cap,both,1.0,pooled,True,True
output_cap,both,1.0,per_tenant,True,True
output_cap,both,1.0,ours,True,True
output_cap,both,1.0,ours_shift_flag,True,True
output_cap,both,1.0,ours_input,True,True
output_cap,both,1.0,pooled,True,True
output_cap,both,1.0,per_tenant,True,True
output_cap,both,1.0,ours,True,True
output_cap,both,1.0,ours_shift_flag,True,True
output_cap,both,1.0,ours_input,True,True
output_cap,both,1.0,pooled,True,True
output_cap,both,1.0,per_tenant,True,True
output_cap,both,1.0,ours,True,True
output_cap,both,1.0,ours_shift_flag,True,True
output_cap,both,1.0,ours_input,True,True
output_cap,both,1.0,pooled,True,True
output_cap,both,1.0,per_tenant,True,True
output_cap,both,1.0,ours,True,True
output_cap,both,1.0,ours_shift_flag,True,True
output_cap,both,1.0,ours_input,True,True
output_cap,both,1.0,pooled,True,True
output_cap,both,1.0,per_tenant,True,True
output_cap,both,1.0,ours,True,True
output_cap,both,1.0,ours_shift_flag,True,True
output_cap,both,1.0,ours_input,True,True
output_cap,both,1.0,pooled,True,True
output_cap,both,1.0,per_tenant,True,True
output_cap,both,1.0,ours,True,True
output_cap,both,1.0,ours_shift_flag,True,True
output_cap,both,1.0,ours_input,True,True
output_cap,both,1.0,pooled,True,True
output_cap,both,1.0,per_tenant,True,True
output_cap,both,1.0,ours,True,True
output_cap,both,1.0,ours_shift_flag,True,True
output_cap,both,1.0,ours_input,True,True
output_cap,both,1.0,pooled,True,True
output_cap,both,1.0,per_tenant,True,True
output_cap,both,1.0,ours,True,True
output_cap,both,1.0,ours_shift_flag,True,True
output_cap,both,1.0,ours_input,True,True
output_cap,both,1.0,pooled,True,True
output_cap,both,1.0,per_tenant,True,True
output_cap,both,1.0,ours,True,True
output_cap,both,1.0,ours_shift_flag,True,True
output_cap,both,1.0,ours_input,True,True
output_cap,both,1.0,pooled,True,True
output_cap,both,1.0,per_tenant,True,True
output_cap,both,1.0,ours,True,True
output_cap,both,1.0,ours_shift_flag,True,True
output_cap,both,1.0,ours_input,True,True
output_cap,both,1.0,pooled,True,True
output_cap,both,1.0,per_tenant,True,True
output_cap,both,1.0,ours,True,True
output_cap,both,1.0,ours_shift_flag,True,True
output_cap,both,1.0,ours_input,True,True
output_cap,both,1.0,pooled,True,True
output_cap,both,1.0,per_tenant,True,True
output_cap,both,1.0,ours,True,True
output_cap,both,1.0,ours_shift_flag,True,True
output_cap,both,1.0,ours_input,True,True
output_cap,both,1.0,pooled,True,True
output_cap,both,1.0,per_tenant,True,True
output_cap,both,1.0,ours,True,True
output_cap,both,1.0,ours_shift_flag,True,True
output_cap,both,1.0,ours_input,True,True
output_cap,both,1.0,pooled,True,True
output_cap,both,1.0,per_tenant,True,True
output_cap,both,1.0,ours,True,True
output_cap,both,1.0,ours_shift_flag,True,True
output_cap,both,1.0,ours_input,True,True
output_cap,both,1.0,pooled,True,True
output_cap,both,1.0,per_tenant,True,True
output_cap,both,1.0,ours,True,True
output_cap,both,1.0,ours_shift_flag,True,True
output_cap,both,1.0,ours_input,True,True
output_cap,both,1.0,pooled,True,True
output_cap,both,1.0,per_tenant,True,True
output_cap,both,1.0,ours,True,True
output_cap,both,1.0,ours_shift_flag,True,True
output_cap,both,1.0,ours_input,True,True
output_cap,both,1.0,pooled,True,True
output_cap,both,1.0,per_tenant,True,True
output_cap,both,1.0,ours,True,True
output_cap,both,1.0,ours_shift_flag,True,True
output_cap,both,1.0,ours_input,True,True
output_cap,both,1.0,pooled,True,True
output_cap,both,1.0,per_tenant,True,True
output_cap,both,1.0,ours,True,True
output_cap,both,1.0,ours_shift_flag,True,True
output_cap,both,1.0,ours_input,True,True
output_cap,both,1.0,pooled,True,True
output_cap,both,1.0,per_tenant,True,True
output_cap,both,1.0,ours,True,True
output_cap,both,1.0,ours_shift_flag,True,True
output_cap,both,1.0,ours_input,True,True
output_cap,both,1.0,pooled,True,True
output_cap,both,1.0,per_tenant,True,True
output_cap,both,1.0,ours,True,True
output_cap,both,1.0,ours_shift_flag,True,True
output_cap,both,1.0,ours_input,True,True
output_cap,both,1.0,pooled,True,True
output_cap,both,1.0,per_tenant,True,True
output_cap,both,1.0,ours,True,True
output_cap,both,1.0,ours_shift_flag,True,True
output_cap,both,1.0,ours_input,True,True
output_cap,both,1.0,pooled,True,True
output_cap,both,1.0,per_tenant,True,True
output_cap,both,1.0,ours,True,True
output_cap,both,1.0,ours_shift_flag,True,True
output_cap,both,1.0,ours_input,True,True
output_cap,both,1.0,pooled,True,True
output_cap,both,1.0,per_tenant,True,True
output_cap,both,1.0,ours,True,True
output_cap,both,1.0,ours_shift_flag,True,True
output_cap,both,1.0,ours_input,True,True
output_cap,both,1.0,pooled,True,True
output_cap,both,1.0,per_tenant,True,True
output_cap,both,1.0,ours,True,True
output_cap,both,1.0,ours_shift_flag,True,True
output_cap,both,1.0,ours_input,True,True
output_cap,both,1.0,pooled,True,True
output_cap,both,1.0,per_tenant,True,True
output_cap,both,1.0,ours,True,True
output_cap,both,1.0,ours_shift_flag,True,True
output_cap,both,1.0,ours_input,True,True
output_cap,both,1.0,pooled,True,True
output_cap,both,1.0,per_tenant,True,True
output_cap,both,1.0,ours,True,True
output_cap,both,1.0,ours_shift_flag,True,True
output_cap,both,1.0,ours_input,True,True
output_cap,both,1.0,pooled,True,True
output_cap,both,1.0,per_tenant,True,True
output_cap,both,1.0,ours,True,True
output_cap,both,1.0,ours_shift_flag,True,True
output_cap,both,1.0,ours_input,True,True
output_cap,both,1.0,pooled,True,True
output_cap,both,1.0,per_tenant,True,True
output_cap,both,1.0,ours,True,True
output_cap,both,1.0,ours_shift_flag,True,True
output_cap,both,1.0,ours_input,True,True
output_cap,both,1.0,pooled,True,True
output_cap,both,1.0,per_tenant,True,True
output_cap,both,1.0,ours,True,True
output_cap,both,1.0,ours_shift_flag,True,True
output_cap,both,1.0,ours_input,True,True
output_cap,both,1.0,pooled,True,True
output_cap,both,1.0,per_tenant,True,True
output_cap,both,1.0,ours,True,True
output_cap,both,1.0,ours_shift_flag,True,True
output_cap,both,1.0,ours_input,True,True
output_cap,both,1.0,pooled,True,True
output_cap,both,1.0,per_tenant,True,True
output_cap,both,1.0,ours,True,True
output_cap,both,1.0,ours_shift_flag,True,True
output_cap,both,1.0,ours_input,True,True
output_cap,both,1.0,pooled,True,True
output_cap,both,1.0,per_tenant,True,True
output_cap,both,1.0,ours,True,True
output_cap,both,1.0,ours_shift_flag,True,True
output_cap,both,1.0,ours_input,True,True
output_cap,both,1.0,pooled,True,True
output_cap,both,1.0,per_tenant,True,True
output_cap,both,1.0,ours,True,True
output_cap,both,1.0,ours_shift_flag,True,True
output_cap,both,1.0,ours_input,True,True
output_cap,both,1.0,pooled,True,True
output_cap,both,1.0,per_tenant,True,True
output_cap,both,1.0,ours,True,True
output_cap,both,1.0,ours_shift_flag,True,True
output_cap,both,1.0,ours_input,True,True
output_cap,both,1.0,pooled,True,True
output_cap,both,1.0,per_tenant,True,True
output_cap,both,1.0,ours,True,True
output_cap,both,1.0,ours_shift_flag,True,True
output_cap,both,1.0,ours_input,True,True
output_cap,both,1.0,pooled,True,True
output_cap,both,1.0,per_tenant,True,True
output_cap,both,1.0,ours,True,True
output_cap,both,1.0,ours_shift_flag,True,True
output_cap,both,1.0,ours_input,True,True
quant_swap,none,0.3,pooled,False,True
quant_swap,none,0.3,per_tenant,False,True
quant_swap,none,0.3,ours,False,True
quant_swap,none,0.3,ours_shift_flag,False,True
quant_swap,none,0.3,ours_input,False,True
quant_swap,none,0.3,pooled,False,True
quant_swap,none,0.3,per_tenant,False,True
quant_swap,none,0.3,ours,False,True
quant_swap,none,0.3,ours_shift_flag,False,True
quant_swap,none,0.3,ours_input,False,True
quant_swap,none,0.3,pooled,False,True
quant_swap,none,0.3,per_tenant,False,True
quant_swap,none,0.3,ours,False,True
quant_swap,none,0.3,ours_shift_flag,False,True
quant_swap,none,0.3,ours_input,False,True
quant_swap,none,0.3,pooled,False,True
quant_swap,none,0.3,per_tenant,False,True
quant_swap,none,0.3,ours,False,True
quant_swap,none,0.3,ours_shift_flag,False,True
quant_swap,none,0.3,ours_input,False,True
quant_swap,none,0.3,pooled,False,True
quant_swap,none,0.3,per_tenant,False,True
quant_swap,none,0.3,ours,False,True
quant_swap,none,0.3,ours_shift_flag,False,True
quant_swap,none,0.3,ours_input,False,True
quant_swap,none,0.3,pooled,False,True
quant_swap,none,0.3,per_tenant,False,True
quant_swap,none,0.3,ours,False,True
quant_swap,none,0.3,ours_shift_flag,False,True
quant_swap,none,0.3,ours_input,False,True
quant_swap,none,0.3,pooled,False,True
quant_swap,none,0.3,per_tenant,False,True
quant_swap,none,0.3,ours,False,True
quant_swap,none,0.3,ours_shift_flag,False,True
quant_swap,none,0.3,ours_input,False,True
quant_swap,none,0.3,pooled,False,True
quant_swap,none,0.3,per_tenant,False,True
quant_swap,none,0.3,ours,False,True
quant_swap,none,0.3,ours_shift_flag,False,True
quant_swap,none,0.3,ours_input,False,True
quant_swap,none,0.3,pooled,False,True
quant_swap,none,0.3,per_tenant,False,True
quant_swap,none,0.3,ours,False,True
quant_swap,none,0.3,ours_shift_flag,False,True
quant_swap,none,0.3,ours_input,False,True
quant_swap,none,0.3,pooled,False,True
quant_swap,none,0.3,per_tenant,False,True
quant_swap,none,0.3,ours,False,True
quant_swap,none,0.3,ours_shift_flag,False,True
quant_swap,none,0.3,ours_input,False,True
quant_swap,none,0.3,pooled,False,True
quant_swap,none,0.3,per_tenant,False,True
quant_swap,none,0.3,ours,False,True
quant_swap,none,0.3,ours_shift_flag,False,True
quant_swap,none,0.3,ours_input,False,True
quant_swap,none,0.3,pooled,False,True
quant_swap,none,0.3,per_tenant,False,True
quant_swap,none,0.3,ours,False,True
quant_swap,none,0.3,ours_shift_flag,False,True
quant_swap,none,0.3,ours_input,False,True
quant_swap,none,0.3,pooled,False,True
quant_swap,none,0.3,per_tenant,False,True
quant_swap,none,0.3,ours,False,True
quant_swap,none,0.3,ours_shift_flag,False,True
quant_swap,none,0.3,ours_input,False,True
quant_swap,none,0.3,pooled,False,True
quant_swap,none,0.3,per_tenant,False,True
quant_swap,none,0.3,ours,False,True
quant_swap,none,0.3,ours_shift_flag,False,True
quant_swap,none,0.3,ours_input,False,True
quant_swap,none,0.3,pooled,False,True
quant_swap,none,0.3,per_tenant,False,True
quant_swap,none,0.3,ours,False,True
quant_swap,none,0.3,ours_shift_flag,False,True
quant_swap,none,0.3,ours_input,False,True
quant_swap,none,0.3,pooled,False,True
quant_swap,none,0.3,per_tenant,False,True
quant_swap,none,0.3,ours,False,True
quant_swap,none,0.3,ours_shift_flag,False,True
quant_swap,none,0.3,ours_input,False,True
quant_swap,none,0.3,pooled,False,True
quant_swap,none,0.3,per_tenant,False,True
quant_swap,none,0.3,ours,False,True
quant_swap,none,0.3,ours_shift_flag,False,True
quant_swap,none,0.3,ours_input,False,True
quant_swap,none,0.3,pooled,False,True
quant_swap,none,0.3,per_tenant,False,True
quant_swap,none,0.3,ours,False,True
quant_swap,none,0.3,ours_shift_flag,False,True
quant_swap,none,0.3,ours_input,False,True
quant_swap,none,0.3,pooled,False,True
quant_swap,none,0.3,per_tenant,False,True
quant_swap,none,0.3,ours,False,True
quant_swap,none,0.3,ours_shift_flag,False,True
quant_swap,none,0.3,ours_input,False,True
quant_swap,none,0.3,pooled,False,True
quant_swap,none,0.3,per_tenant,False,True
quant_swap,none,0.3,ours,False,True
quant_swap,none,0.3,ours_shift_flag,False,True
quant_swap,none,0.3,ours_input,False,True
quant_swap,none,0.3,pooled,False,True
quant_swap,none,0.3,per_tenant,False,True
quant_swap,none,0.3,ours,False,True
quant_swap,none,0.3,ours_shift_flag,False,True
quant_swap,none,0.3,ours_input,False,True
quant_swap,none,0.3,pooled,False,True
quant_swap,none,0.3,per_tenant,False,True
quant_swap,none,0.3,ours,False,True
quant_swap,none,0.3,ours_shift_flag,False,True
quant_swap,none,0.3,ours_input,False,True
quant_swap,none,0.3,pooled,False,True
quant_swap,none,0.3,per_tenant,False,True
quant_swap,none,0.3,ours,False,True
quant_swap,none,0.3,ours_shift_flag,False,True
quant_swap,none,0.3,ours_input,False,True
quant_swap,none,0.3,pooled,False,True
quant_swap,none,0.3,per_tenant,False,True
quant_swap,none,0.3,ours,False,True
quant_swap,none,0.3,ours_shift_flag,False,True
quant_swap,none,0.3,ours_input,False,True
quant_swap,none,0.3,pooled,False,True
quant_swap,none,0.3,per_tenant,False,True
quant_swap,none,0.3,ours,False,True
quant_swap,none,0.3,ours_shift_flag,False,True
quant_swap,none,0.3,ours_input,False,True
quant_swap,none,0.3,pooled,False,True
quant_swap,none,0.3,per_tenant,False,True
quant_swap,none,0.3,ours,False,True
quant_swap,none,0.3,ours_shift_flag,False,True
quant_swap,none,0.3,ours_input,False,True
quant_swap,none,0.3,pooled,False,True
quant_swap,none,0.3,per_tenant,False,True
quant_swap,none,0.3,ours,False,True
quant_swap,none,0.3,ours_shift_flag,False,True
quant_swap,none,0.3,ours_input,False,True
quant_swap,none,0.3,pooled,False,True
quant_swap,none,0.3,per_tenant,False,True
quant_swap,none,0.3,ours,False,True
quant_swap,none,0.3,ours_shift_flag,False,True
quant_swap,none,0.3,ours_input,False,True
quant_swap,none,0.3,pooled,False,True
quant_swap,none,0.3,per_tenant,False,True
quant_swap,none,0.3,ours,False,True
quant_swap,none,0.3,ours_shift_flag,False,True
quant_swap,none,0.3,ours_input,False,True
quant_swap,none,0.3,pooled,False,True
quant_swap,none,0.3,per_tenant,False,True
quant_swap,none,0.3,ours,False,True
quant_swap,none,0.3,ours_shift_flag,False,True
quant_swap,none,0.3,ours_input,False,True
quant_swap,none,0.3,pooled,False,True
quant_swap,none,0.3,per_tenant,False,True
quant_swap,none,0.3,ours,False,True
quant_swap,none,0.3,ours_shift_flag,False,True
quant_swap,none,0.3,ours_input,False,True
quant_swap,none,0.3,pooled,False,True
quant_swap,none,0.3,per_tenant,False,True
quant_swap,none,0.3,ours,False,True
quant_swap,none,0.3,ours_shift_flag,False,True
quant_swap,none,0.3,ours_input,False,True
quant_swap,none,0.3,pooled,False,True
quant_swap,none,0.3,per_tenant,False,True
quant_swap,none,0.3,ours,False,True
quant_swap,none,0.3,ours_shift_flag,False,True
quant_swap,none,0.3,ours_input,False,True
quant_swap,none,0.3,pooled,False,True
quant_swap,none,0.3,per_tenant,False,True
quant_swap,none,0.3,ours,False,True
quant_swap,none,0.3,ours_shift_flag,False,True
quant_swap,none,0.3,ours_input,False,True
quant_swap,none,0.3,pooled,False,True
quant_swap,none,0.3,per_tenant,False,True
quant_swap,none,0.3,ours,False,True
quant_swap,none,0.3,ours_shift_flag,False,True
quant_swap,none,0.3,ours_input,False,True
quant_swap,none,0.3,pooled,False,True
quant_swap,none,0.3,per_tenant,False,True
quant_swap,none,0.3,ours,False,True
quant_swap,none,0.3,ours_shift_flag,False,True
quant_swap,none,0.3,ours_input,False,True
quant_swap,none,0.3,pooled,False,True
quant_swap,none,0.3,per_tenant,False,True
quant_swap,none,0.3,ours,False,True
quant_swap,none,0.3,ours_shift_flag,False,True
quant_swap,none,0.3,ours_input,False,True
quant_swap,none,0.3,pooled,False,True
quant_swap,none,0.3,per_tenant,False,True
quant_swap,none,0.3,ours,False,True
quant_swap,none,0.3,ours_shift_flag,False,True
quant_swap,none,0.3,ours_input,False,True
quant_swap,none,0.3,pooled,False,True
quant_swap,none,0.3,per_tenant,False,True
quant_swap,none,0.3,ours,False,True
quant_swap,none,0.3,ours_shift_flag,False,True
quant_swap,none,0.3,ours_input,False,True
quant_swap,none,0.3,pooled,False,True
quant_swap,none,0.3,per_tenant,False,True
quant_swap,none,0.3,ours,False,True
quant_swap,none,0.3,ours_shift_flag,False,True
quant_swap,none,0.3,ours_input,False,True
quant_swap,none,0.3,pooled,False,True
quant_swap,none,0.3,per_tenant,False,True
quant_swap,none,0.3,ours,False,True
quant_swap,none,0.3,ours_shift_flag,False,True
quant_swap,none,0.3,ours_input,False,True
quant_swap,none,0.3,pooled,False,True
quant_swap,none,0.3,per_tenant,False,True
quant_swap,none,0.3,ours,False,True
quant_swap,none,0.3,ours_shift_flag,False,True
quant_swap,none,0.3,ours_input,False,True
quant_swap,none,0.3,pooled,False,True
quant_swap,none,0.3,per_tenant,False,True
quant_swap,none,0.3,ours,False,True
quant_swap,none,0.3,ours_shift_flag,False,True
quant_swap,none,0.3,ours_input,False,True
quant_swap,none,0.3,pooled,False,True
quant_swap,none,0.3,per_tenant,False,True
quant_swap,none,0.3,ours,False,True
quant_swap,none,0.3,ours_shift_flag,False,True
quant_swap,none,0.3,ours_input,False,True
quant_swap,none,0.3,pooled,False,True
quant_swap,none,0.3,per_tenant,False,True
quant_swap,none,0.3,ours,False,True
quant_swap,none,0.3,ours_shift_flag,False,True
quant_swap,none,0.3,ours_input,False,True
quant_swap,none,0.3,pooled,False,True
quant_swap,none,0.3,per_tenant,False,True
quant_swap,none,0.3,ours,False,True
quant_swap,none,0.3,ours_shift_flag,False,True
quant_swap,none,0.3,ours_input,False,True
quant_swap,none,0.3,pooled,False,True
quant_swap,none,0.3,per_tenant,False,True
quant_swap,none,0.3,ours,False,True
quant_swap,none,0.3,ours_shift_flag,False,True
quant_swap,none,0.3,ours_input,False,True
quant_swap,none,0.3,pooled,False,True
quant_swap,none,0.3,per_tenant,False,True
quant_swap,none,0.3,ours,False,True
quant_swap,none,0.3,ours_shift_flag,False,True
quant_swap,none,0.3,ours_input,False,True
quant_swap,none,0.3,pooled,False,True
quant_swap,none,0.3,per_tenant,False,True
quant_swap,none,0.3,ours,False,True
quant_swap,none,0.3,ours_shift_flag,False,True
quant_swap,none,0.3,ours_input,False,True
quant_swap,none,0.3,pooled,False,True
quant_swap,none,0.3,per_tenant,False,True
quant_swap,none,0.3,ours,False,True
quant_swap,none,0.3,ours_shift_flag,False,True
quant_swap,none,0.3,ours_input,False,True
quant_swap,none,0.3,pooled,False,True
quant_swap,none,0.3,per_tenant,False,True
quant_swap,none,0.3,ours,False,True
quant_swap,none,0.3,ours_shift_flag,False,True
quant_swap,none,0.3,ours_input,False,True
quant_swap,none,0.3,pooled,False,True
quant_swap,none,0.3,per_tenant,False,True
quant_swap,none,0.3,ours,False,True
quant_swap,none,0.3,ours_shift_flag,False,True
quant_swap,none,0.3,ours_input,False,True
quant_swap,none,0.3,pooled,False,True
quant_swap,none,0.3,per_tenant,False,True
quant_swap,none,0.3,ours,False,True
quant_swap,none,0.3,ours_shift_flag,False,True
quant_swap,none,0.3,ours_input,False,True
quant_swap,none,0.3,pooled,False,True
quant_swap,none,0.3,per_tenant,False,True
quant_swap,none,0.3,ours,False,True
quant_swap,none,0.3,ours_shift_flag,False,True
quant_swap,none,0.3,ours_input,False,True
quant_swap,none,0.3,pooled,False,True
quant_swap,none,0.3,per_tenant,False,True
quant_swap,none,0.3,ours,False,True
quant_swap,none,0.3,ours_shift_flag,False,True
quant_swap,none,0.3,ours_input,False,True
quant_swap,none,0.3,pooled,False,True
quant_swap,none,0.3,per_tenant,False,True
quant_swap,none,0.3,ours,False,True
quant_swap,none,0.3,ours_shift_flag,False,True
quant_swap,none,0.3,ours_input,False,True
quant_swap,none,0.3,pooled,False,True
quant_swap,none,0.3,per_tenant,False,True
quant_swap,none,0.3,ours,False,True
quant_swap,none,0.3,ours_shift_flag,False,True
quant_swap,none,0.3,ours_input,False,True
quant_swap,none,0.3,pooled,False,True
quant_swap,none,0.3,per_tenant,False,True
quant_swap,none,0.3,ours,False,True
quant_swap,none,0.3,ours_shift_flag,False,True
quant_swap,none,0.3,ours_input,False,True
quant_swap,none,0.3,pooled,False,True
quant_swap,none,0.3,per_tenant,False,True
quant_swap,none,0.3,ours,False,True
quant_swap,none,0.3,ours_shift_flag,False,True
quant_swap,none,0.3,ours_input,False,True
quant_swap,none,0.3,pooled,False,True
quant_swap,none,0.3,per_tenant,False,True
quant_swap,none,0.3,ours,False,True
quant_swap,none,0.3,ours_shift_flag,False,True
quant_swap,none,0.3,ours_input,False,True
quant_swap,provider_fault,0.3,pooled,True,True
quant_swap,provider_fault,0.3,per_tenant,True,True
quant_swap,provider_fault,0.3,ours,True,True
quant_swap,provider_fault,0.3,ours_shift_flag,False,True
quant_swap,provider_fault,0.3,ours_input,True,True
quant_swap,provider_fault,0.3,pooled,True,True
quant_swap,provider_fault,0.3,per_tenant,True,True
quant_swap,provider_fault,0.3,ours,True,True
quant_swap,provider_fault,0.3,ours_shift_flag,False,True
quant_swap,provider_fault,0.3,ours_input,True,True
quant_swap,provider_fault,0.3,pooled,True,True
quant_swap,provider_fault,0.3,per_tenant,True,True
quant_swap,provider_fault,0.3,ours,True,True
quant_swap,provider_fault,0.3,ours_shift_flag,False,True
quant_swap,provider_fault,0.3,ours_input,True,True
quant_swap,provider_fault,0.3,pooled,True,True
quant_swap,provider_fault,0.3,per_tenant,True,True
quant_swap,provider_fault,0.3,ours,True,True
quant_swap,provider_fault,0.3,ours_shift_flag,False,True
quant_swap,provider_fault,0.3,ours_input,True,True
quant_swap,provider_fault,0.3,pooled,True,True
quant_swap,provider_fault,0.3,per_tenant,True,True
quant_swap,provider_fault,0.3,ours,True,True
quant_swap,provider_fault,0.3,ours_shift_flag,False,True
quant_swap,provider_fault,0.3,ours_input,True,True
quant_swap,provider_fault,0.3,pooled,True,True
quant_swap,provider_fault,0.3,per_tenant,True,True
quant_swap,provider_fault,0.3,ours,True,True
quant_swap,provider_fault,0.3,ours_shift_flag,False,True
quant_swap,provider_fault,0.3,ours_input,True,True
quant_swap,provider_fault,0.3,pooled,True,True
quant_swap,provider_fault,0.3,per_tenant,True,True
quant_swap,provider_fault,0.3,ours,True,True
quant_swap,provider_fault,0.3,ours_shift_flag,False,True
quant_swap,provider_fault,0.3,ours_input,True,True
quant_swap,provider_fault,0.3,pooled,True,True
quant_swap,provider_fault,0.3,per_tenant,True,True
quant_swap,provider_fault,0.3,ours,True,True
quant_swap,provider_fault,0.3,ours_shift_flag,False,True
quant_swap,provider_fault,0.3,ours_input,True,True
quant_swap,provider_fault,0.3,pooled,True,True
quant_swap,provider_fault,0.3,per_tenant,True,True
quant_swap,provider_fault,0.3,ours,True,True
quant_swap,provider_fault,0.3,ours_shift_flag,False,True
quant_swap,provider_fault,0.3,ours_input,True,True
quant_swap,provider_fault,0.3,pooled,True,True
quant_swap,provider_fault,0.3,per_tenant,True,True
quant_swap,provider_fault,0.3,ours,True,True
quant_swap,provider_fault,0.3,ours_shift_flag,False,True
quant_swap,provider_fault,0.3,ours_input,True,True
quant_swap,provider_fault,0.3,pooled,True,True
quant_swap,provider_fault,0.3,per_tenant,True,True
quant_swap,provider_fault,0.3,ours,True,True
quant_swap,provider_fault,0.3,ours_shift_flag,False,True
quant_swap,provider_fault,0.3,ours_input,True,True
quant_swap,provider_fault,0.3,pooled,True,True
quant_swap,provider_fault,0.3,per_tenant,True,True
quant_swap,provider_fault,0.3,ours,True,True
quant_swap,provider_fault,0.3,ours_shift_flag,False,True
quant_swap,provider_fault,0.3,ours_input,True,True
quant_swap,provider_fault,0.3,pooled,True,True
quant_swap,provider_fault,0.3,per_tenant,True,True
quant_swap,provider_fault,0.3,ours,True,True
quant_swap,provider_fault,0.3,ours_shift_flag,False,True
quant_swap,provider_fault,0.3,ours_input,True,True
quant_swap,provider_fault,0.3,pooled,True,True
quant_swap,provider_fault,0.3,per_tenant,True,True
quant_swap,provider_fault,0.3,ours,True,True
quant_swap,provider_fault,0.3,ours_shift_flag,False,True
quant_swap,provider_fault,0.3,ours_input,True,True
quant_swap,provider_fault,0.3,pooled,True,True
quant_swap,provider_fault,0.3,per_tenant,True,True
quant_swap,provider_fault,0.3,ours,True,True
quant_swap,provider_fault,0.3,ours_shift_flag,False,True
quant_swap,provider_fault,0.3,ours_input,True,True
quant_swap,provider_fault,0.3,pooled,True,True
quant_swap,provider_fault,0.3,per_tenant,True,True
quant_swap,provider_fault,0.3,ours,True,True
quant_swap,provider_fault,0.3,ours_shift_flag,False,True
quant_swap,provider_fault,0.3,ours_input,True,True
quant_swap,provider_fault,0.3,pooled,True,True
quant_swap,provider_fault,0.3,per_tenant,True,True
quant_swap,provider_fault,0.3,ours,True,True
quant_swap,provider_fault,0.3,ours_shift_flag,False,True
quant_swap,provider_fault,0.3,ours_input,True,True
quant_swap,provider_fault,0.3,pooled,True,True
quant_swap,provider_fault,0.3,per_tenant,True,True
quant_swap,provider_fault,0.3,ours,True,True
quant_swap,provider_fault,0.3,ours_shift_flag,False,True
quant_swap,provider_fault,0.3,ours_input,True,True
quant_swap,provider_fault,0.3,pooled,True,True
quant_swap,provider_fault,0.3,per_tenant,True,True
quant_swap,provider_fault,0.3,ours,True,True
quant_swap,provider_fault,0.3,ours_shift_flag,False,True
quant_swap,provider_fault,0.3,ours_input,True,True
quant_swap,provider_fault,0.3,pooled,True,True
quant_swap,provider_fault,0.3,per_tenant,True,True
quant_swap,provider_fault,0.3,ours,True,True
quant_swap,provider_fault,0.3,ours_shift_flag,False,True
quant_swap,provider_fault,0.3,ours_input,True,True
quant_swap,provider_fault,0.3,pooled,True,True
quant_swap,provider_fault,0.3,per_tenant,True,True
quant_swap,provider_fault,0.3,ours,True,True
quant_swap,provider_fault,0.3,ours_shift_flag,False,True
quant_swap,provider_fault,0.3,ours_input,True,True
quant_swap,provider_fault,0.3,pooled,True,True
quant_swap,provider_fault,0.3,per_tenant,True,True
quant_swap,provider_fault,0.3,ours,True,True
quant_swap,provider_fault,0.3,ours_shift_flag,False,True
quant_swap,provider_fault,0.3,ours_input,True,True
quant_swap,provider_fault,0.3,pooled,True,True
quant_swap,provider_fault,0.3,per_tenant,True,True
quant_swap,provider_fault,0.3,ours,True,True
quant_swap,provider_fault,0.3,ours_shift_flag,False,True
quant_swap,provider_fault,0.3,ours_input,True,True
quant_swap,provider_fault,0.3,pooled,True,True
quant_swap,provider_fault,0.3,per_tenant,True,True
quant_swap,provider_fault,0.3,ours,True,True
quant_swap,provider_fault,0.3,ours_shift_flag,False,True
quant_swap,provider_fault,0.3,ours_input,True,True
quant_swap,provider_fault,0.3,pooled,True,True
quant_swap,provider_fault,0.3,per_tenant,True,True
quant_swap,provider_fault,0.3,ours,True,True
quant_swap,provider_fault,0.3,ours_shift_flag,False,True
quant_swap,provider_fault,0.3,ours_input,True,True
quant_swap,provider_fault,0.3,pooled,True,True
quant_swap,provider_fault,0.3,per_tenant,True,True
quant_swap,provider_fault,0.3,ours,True,True
quant_swap,provider_fault,0.3,ours_shift_flag,False,True
quant_swap,provider_fault,0.3,ours_input,True,True
quant_swap,provider_fault,0.3,pooled,True,True
quant_swap,provider_fault,0.3,per_tenant,True,True
quant_swap,provider_fault,0.3,ours,True,True
quant_swap,provider_fault,0.3,ours_shift_flag,False,True
quant_swap,provider_fault,0.3,ours_input,True,True
quant_swap,provider_fault,0.3,pooled,True,True
quant_swap,provider_fault,0.3,per_tenant,True,True
quant_swap,provider_fault,0.3,ours,True,True
quant_swap,provider_fault,0.3,ours_shift_flag,False,True
quant_swap,provider_fault,0.3,ours_input,True,True
quant_swap,provider_fault,0.3,pooled,True,True
quant_swap,provider_fault,0.3,per_tenant,True,True
quant_swap,provider_fault,0.3,ours,True,True
quant_swap,provider_fault,0.3,ours_shift_flag,False,True
quant_swap,provider_fault,0.3,ours_input,True,True
quant_swap,provider_fault,0.3,pooled,True,True
quant_swap,provider_fault,0.3,per_tenant,True,True
quant_swap,provider_fault,0.3,ours,True,True
quant_swap,provider_fault,0.3,ours_shift_flag,False,True
quant_swap,provider_fault,0.3,ours_input,True,True
quant_swap,provider_fault,0.3,pooled,True,True
quant_swap,provider_fault,0.3,per_tenant,True,True
quant_swap,provider_fault,0.3,ours,True,True
quant_swap,provider_fault,0.3,ours_shift_flag,False,True
quant_swap,provider_fault,0.3,ours_input,True,True
quant_swap,provider_fault,0.3,pooled,True,True
quant_swap,provider_fault,0.3,per_tenant,True,True
quant_swap,provider_fault,0.3,ours,True,True
quant_swap,provider_fault,0.3,ours_shift_flag,False,True
quant_swap,provider_fault,0.3,ours_input,True,True
quant_swap,provider_fault,0.3,pooled,True,True
quant_swap,provider_fault,0.3,per_tenant,True,True
quant_swap,provider_fault,0.3,ours,True,True
quant_swap,provider_fault,0.3,ours_shift_flag,False,True
quant_swap,provider_fault,0.3,ours_input,True,True
quant_swap,provider_fault,0.3,pooled,True,True
quant_swap,provider_fault,0.3,per_tenant,True,True
quant_swap,provider_fault,0.3,ours,True,True
quant_swap,provider_fault,0.3,ours_shift_flag,False,True
quant_swap,provider_fault,0.3,ours_input,True,True
quant_swap,provider_fault,0.3,pooled,True,True
quant_swap,provider_fault,0.3,per_tenant,True,True
quant_swap,provider_fault,0.3,ours,True,True
quant_swap,provider_fault,0.3,ours_shift_flag,False,True
quant_swap,provider_fault,0.3,ours_input,True,True
quant_swap,provider_fault,0.3,pooled,True,True
quant_swap,provider_fault,0.3,per_tenant,True,True
quant_swap,provider_fault,0.3,ours,True,True
quant_swap,provider_fault,0.3,ours_shift_flag,False,True
quant_swap,provider_fault,0.3,ours_input,True,True
quant_swap,provider_fault,0.3,pooled,True,True
quant_swap,provider_fault,0.3,per_tenant,True,True
quant_swap,provider_fault,0.3,ours,True,True
quant_swap,provider_fault,0.3,ours_shift_flag,False,True
quant_swap,provider_fault,0.3,ours_input,True,True
quant_swap,provider_fault,0.3,pooled,True,True
quant_swap,provider_fault,0.3,per_tenant,True,True
quant_swap,provider_fault,0.3,ours,True,True
quant_swap,provider_fault,0.3,ours_shift_flag,False,True
quant_swap,provider_fault,0.3,ours_input,True,True
quant_swap,provider_fault,0.3,pooled,True,True
quant_swap,provider_fault,0.3,per_tenant,True,True
quant_swap,provider_fault,0.3,ours,True,True
quant_swap,provider_fault,0.3,ours_shift_flag,False,True
quant_swap,provider_fault,0.3,ours_input,True,True
quant_swap,provider_fault,0.3,pooled,True,True
quant_swap,provider_fault,0.3,per_tenant,True,True
quant_swap,provider_fault,0.3,ours,True,True
quant_swap,provider_fault,0.3,ours_shift_flag,False,True
quant_swap,provider_fault,0.3,ours_input,True,True
quant_swap,provider_fault,0.3,pooled,True,True
quant_swap,provider_fault,0.3,per_tenant,True,True
quant_swap,provider_fault,0.3,ours,True,True
quant_swap,provider_fault,0.3,ours_shift_flag,False,True
quant_swap,provider_fault,0.3,ours_input,True,True
quant_swap,provider_fault,0.3,pooled,True,True
quant_swap,provider_fault,0.3,per_tenant,True,True
quant_swap,provider_fault,0.3,ours,True,True
quant_swap,provider_fault,0.3,ours_shift_flag,False,True
quant_swap,provider_fault,0.3,ours_input,True,True
quant_swap,provider_fault,0.3,pooled,True,True
quant_swap,provider_fault,0.3,per_tenant,True,True
quant_swap,provider_fault,0.3,ours,True,True
quant_swap,provider_fault,0.3,ours_shift_flag,False,True
quant_swap,provider_fault,0.3,ours_input,True,True
quant_swap,provider_fault,0.3,pooled,True,True
quant_swap,provider_fault,0.3,per_tenant,True,True
quant_swap,provider_fault,0.3,ours,True,True
quant_swap,provider_fault,0.3,ours_shift_flag,False,True
quant_swap,provider_fault,0.3,ours_input,True,True
quant_swap,provider_fault,0.3,pooled,True,True
quant_swap,provider_fault,0.3,per_tenant,True,True
quant_swap,provider_fault,0.3,ours,True,True
quant_swap,provider_fault,0.3,ours_shift_flag,False,True
quant_swap,provider_fault,0.3,ours_input,True,True
quant_swap,provider_fault,0.3,pooled,True,True
quant_swap,provider_fault,0.3,per_tenant,True,True
quant_swap,provider_fault,0.3,ours,True,True
quant_swap,provider_fault,0.3,ours_shift_flag,False,True
quant_swap,provider_fault,0.3,ours_input,True,True
quant_swap,provider_fault,0.3,pooled,True,True
quant_swap,provider_fault,0.3,per_tenant,True,True
quant_swap,provider_fault,0.3,ours,True,True
quant_swap,provider_fault,0.3,ours_shift_flag,False,True
quant_swap,provider_fault,0.3,ours_input,True,True
quant_swap,provider_fault,0.3,pooled,True,True
quant_swap,provider_fault,0.3,per_tenant,True,True
quant_swap,provider_fault,0.3,ours,True,True
quant_swap,provider_fault,0.3,ours_shift_flag,False,True
quant_swap,provider_fault,0.3,ours_input,True,True
quant_swap,provider_fault,0.3,pooled,True,True
quant_swap,provider_fault,0.3,per_tenant,True,True
quant_swap,provider_fault,0.3,ours,True,True
quant_swap,provider_fault,0.3,ours_shift_flag,False,True
quant_swap,provider_fault,0.3,ours_input,True,True
quant_swap,provider_fault,0.3,pooled,True,True
quant_swap,provider_fault,0.3,per_tenant,True,True
quant_swap,provider_fault,0.3,ours,True,True
quant_swap,provider_fault,0.3,ours_shift_flag,False,True
quant_swap,provider_fault,0.3,ours_input,True,True
quant_swap,provider_fault,0.3,pooled,True,True
quant_swap,provider_fault,0.3,per_tenant,True,True
quant_swap,provider_fault,0.3,ours,True,True
quant_swap,provider_fault,0.3,ours_shift_flag,False,True
quant_swap,provider_fault,0.3,ours_input,True,True
quant_swap,provider_fault,0.3,pooled,True,True
quant_swap,provider_fault,0.3,per_tenant,True,True
quant_swap,provider_fault,0.3,ours,True,True
quant_swap,provider_fault,0.3,ours_shift_flag,False,True
quant_swap,provider_fault,0.3,ours_input,True,True
quant_swap,provider_fault,0.3,pooled,True,True
quant_swap,provider_fault,0.3,per_tenant,True,True
quant_swap,provider_fault,0.3,ours,True,True
quant_swap,provider_fault,0.3,ours_shift_flag,False,True
quant_swap,provider_fault,0.3,ours_input,True,True
quant_swap,provider_fault,0.3,pooled,True,True
quant_swap,provider_fault,0.3,per_tenant,True,True
quant_swap,provider_fault,0.3,ours,True,True
quant_swap,provider_fault,0.3,ours_shift_flag,False,True
quant_swap,provider_fault,0.3,ours_input,True,True
quant_swap,provider_fault,0.3,pooled,True,True
quant_swap,provider_fault,0.3,per_tenant,True,True
quant_swap,provider_fault,0.3,ours,True,True
quant_swap,provider_fault,0.3,ours_shift_flag,False,True
quant_swap,provider_fault,0.3,ours_input,True,True
quant_swap,provider_fault,0.3,pooled,True,True
quant_swap,provider_fault,0.3,per_tenant,True,True
quant_swap,provider_fault,0.3,ours,True,True
quant_swap,provider_fault,0.3,ours_shift_flag,False,True
quant_swap,provider_fault,0.3,ours_input,True,True
quant_swap,provider_fault,0.3,pooled,True,True
quant_swap,provider_fault,0.3,per_tenant,True,True
quant_swap,provider_fault,0.3,ours,True,True
quant_swap,provider_fault,0.3,ours_shift_flag,False,True
quant_swap,provider_fault,0.3,ours_input,True,True
quant_swap,provider_fault,0.3,pooled,True,True
quant_swap,provider_fault,0.3,per_tenant,True,True
quant_swap,provider_fault,0.3,ours,True,True
quant_swap,provider_fault,0.3,ours_shift_flag,False,True
quant_swap,provider_fault,0.3,ours_input,True,True
quant_swap,provider_fault,0.3,pooled,True,True
quant_swap,provider_fault,0.3,per_tenant,True,True
quant_swap,provider_fault,0.3,ours,True,True
quant_swap,provider_fault,0.3,ours_shift_flag,False,True
quant_swap,provider_fault,0.3,ours_input,True,True
quant_swap,provider_fault,0.3,pooled,True,True
quant_swap,provider_fault,0.3,per_tenant,True,True
quant_swap,provider_fault,0.3,ours,True,True
quant_swap,provider_fault,0.3,ours_shift_flag,False,True
quant_swap,provider_fault,0.3,ours_input,True,True
quant_swap,traffic_shift,0.3,pooled,True,False
quant_swap,traffic_shift,0.3,per_tenant,True,False
quant_swap,traffic_shift,0.3,ours,True,False
quant_swap,traffic_shift,0.3,ours_shift_flag,True,True
quant_swap,traffic_shift,0.3,ours_input,False,True
quant_swap,traffic_shift,0.3,pooled,True,False
quant_swap,traffic_shift,0.3,per_tenant,True,False
quant_swap,traffic_shift,0.3,ours,True,False
quant_swap,traffic_shift,0.3,ours_shift_flag,True,True
quant_swap,traffic_shift,0.3,ours_input,False,True
quant_swap,traffic_shift,0.3,pooled,True,False
quant_swap,traffic_shift,0.3,per_tenant,True,False
quant_swap,traffic_shift,0.3,ours,True,False
quant_swap,traffic_shift,0.3,ours_shift_flag,True,True
quant_swap,traffic_shift,0.3,ours_input,False,True
quant_swap,traffic_shift,0.3,pooled,True,False
quant_swap,traffic_shift,0.3,per_tenant,True,False
quant_swap,traffic_shift,0.3,ours,True,False
quant_swap,traffic_shift,0.3,ours_shift_flag,True,True
quant_swap,traffic_shift,0.3,ours_input,False,True
quant_swap,traffic_shift,0.3,pooled,True,False
quant_swap,traffic_shift,0.3,per_tenant,True,False
quant_swap,traffic_shift,0.3,ours,True,False
quant_swap,traffic_shift,0.3,ours_shift_flag,True,True
quant_swap,traffic_shift,0.3,ours_input,False,True
quant_swap,traffic_shift,0.3,pooled,True,False
quant_swap,traffic_shift,0.3,per_tenant,True,False
quant_swap,traffic_shift,0.3,ours,True,False
quant_swap,traffic_shift,0.3,ours_shift_flag,True,True
quant_swap,traffic_shift,0.3,ours_input,False,True
quant_swap,traffic_shift,0.3,pooled,True,False
quant_swap,traffic_shift,0.3,per_tenant,True,False
quant_swap,traffic_shift,0.3,ours,True,False
quant_swap,traffic_shift,0.3,ours_shift_flag,True,True
quant_swap,traffic_shift,0.3,ours_input,False,True
quant_swap,traffic_shift,0.3,pooled,True,False
quant_swap,traffic_shift,0.3,per_tenant,True,False
quant_swap,traffic_shift,0.3,ours,True,False
quant_swap,traffic_shift,0.3,ours_shift_flag,True,True
quant_swap,traffic_shift,0.3,ours_input,False,True
quant_swap,traffic_shift,0.3,pooled,True,False
quant_swap,traffic_shift,0.3,per_tenant,True,False
quant_swap,traffic_shift,0.3,ours,True,False
quant_swap,traffic_shift,0.3,ours_shift_flag,True,True
quant_swap,traffic_shift,0.3,ours_input,False,True
quant_swap,traffic_shift,0.3,pooled,True,False
quant_swap,traffic_shift,0.3,per_tenant,True,False
quant_swap,traffic_shift,0.3,ours,True,False
quant_swap,traffic_shift,0.3,ours_shift_flag,True,True
quant_swap,traffic_shift,0.3,ours_input,False,True
quant_swap,traffic_shift,0.3,pooled,True,False
quant_swap,traffic_shift,0.3,per_tenant,True,False
quant_swap,traffic_shift,0.3,ours,True,False
quant_swap,traffic_shift,0.3,ours_shift_flag,True,True
quant_swap,traffic_shift,0.3,ours_input,False,True
quant_swap,traffic_shift,0.3,pooled,True,False
quant_swap,traffic_shift,0.3,per_tenant,True,False
quant_swap,traffic_shift,0.3,ours,True,False
quant_swap,traffic_shift,0.3,ours_shift_flag,True,True
quant_swap,traffic_shift,0.3,ours_input,False,True
quant_swap,traffic_shift,0.3,pooled,True,False
quant_swap,traffic_shift,0.3,per_tenant,True,False
quant_swap,traffic_shift,0.3,ours,True,False
quant_swap,traffic_shift,0.3,ours_shift_flag,True,True
quant_swap,traffic_shift,0.3,ours_input,False,True
quant_swap,traffic_shift,0.3,pooled,True,False
quant_swap,traffic_shift,0.3,per_tenant,True,False
quant_swap,traffic_shift,0.3,ours,True,False
quant_swap,traffic_shift,0.3,ours_shift_flag,True,True
quant_swap,traffic_shift,0.3,ours_input,False,True
quant_swap,traffic_shift,0.3,pooled,True,False
quant_swap,traffic_shift,0.3,per_tenant,True,False
quant_swap,traffic_shift,0.3,ours,True,False
quant_swap,traffic_shift,0.3,ours_shift_flag,True,True
quant_swap,traffic_shift,0.3,ours_input,False,True
quant_swap,traffic_shift,0.3,pooled,True,False
quant_swap,traffic_shift,0.3,per_tenant,True,False
quant_swap,traffic_shift,0.3,ours,True,False
quant_swap,traffic_shift,0.3,ours_shift_flag,True,True
quant_swap,traffic_shift,0.3,ours_input,False,True
quant_swap,traffic_shift,0.3,pooled,True,False
quant_swap,traffic_shift,0.3,per_tenant,True,False
quant_swap,traffic_shift,0.3,ours,True,False
quant_swap,traffic_shift,0.3,ours_shift_flag,True,True
quant_swap,traffic_shift,0.3,ours_input,False,True
quant_swap,traffic_shift,0.3,pooled,True,False
quant_swap,traffic_shift,0.3,per_tenant,True,False
quant_swap,traffic_shift,0.3,ours,True,False
quant_swap,traffic_shift,0.3,ours_shift_flag,True,True
quant_swap,traffic_shift,0.3,ours_input,False,True
quant_swap,traffic_shift,0.3,pooled,True,False
quant_swap,traffic_shift,0.3,per_tenant,True,False
quant_swap,traffic_shift,0.3,ours,True,False
quant_swap,traffic_shift,0.3,ours_shift_flag,True,True
quant_swap,traffic_shift,0.3,ours_input,False,True
quant_swap,traffic_shift,0.3,pooled,True,False
quant_swap,traffic_shift,0.3,per_tenant,True,False
quant_swap,traffic_shift,0.3,ours,True,False
quant_swap,traffic_shift,0.3,ours_shift_flag,True,True
quant_swap,traffic_shift,0.3,ours_input,False,True
quant_swap,traffic_shift,0.3,pooled,True,False
quant_swap,traffic_shift,0.3,per_tenant,True,False
quant_swap,traffic_shift,0.3,ours,True,False
quant_swap,traffic_shift,0.3,ours_shift_flag,True,True
quant_swap,traffic_shift,0.3,ours_input,False,True
quant_swap,traffic_shift,0.3,pooled,True,False
quant_swap,traffic_shift,0.3,per_tenant,True,False
quant_swap,traffic_shift,0.3,ours,True,False
quant_swap,traffic_shift,0.3,ours_shift_flag,True,True
quant_swap,traffic_shift,0.3,ours_input,False,True
quant_swap,traffic_shift,0.3,pooled,True,False
quant_swap,traffic_shift,0.3,per_tenant,True,False
quant_swap,traffic_shift,0.3,ours,True,False
quant_swap,traffic_shift,0.3,ours_shift_flag,True,True
quant_swap,traffic_shift,0.3,ours_input,False,True
quant_swap,traffic_shift,0.3,pooled,True,False
quant_swap,traffic_shift,0.3,per_tenant,True,False
quant_swap,traffic_shift,0.3,ours,True,False
quant_swap,traffic_shift,0.3,ours_shift_flag,True,True
quant_swap,traffic_shift,0.3,ours_input,False,True
quant_swap,traffic_shift,0.3,pooled,True,False
quant_swap,traffic_shift,0.3,per_tenant,True,False
quant_swap,traffic_shift,0.3,ours,True,False
quant_swap,traffic_shift,0.3,ours_shift_flag,True,True
quant_swap,traffic_shift,0.3,ours_input,False,True
quant_swap,traffic_shift,0.3,pooled,True,False
quant_swap,traffic_shift,0.3,per_tenant,True,False
quant_swap,traffic_shift,0.3,ours,True,False
quant_swap,traffic_shift,0.3,ours_shift_flag,True,True
quant_swap,traffic_shift,0.3,ours_input,False,True
quant_swap,traffic_shift,0.3,pooled,True,False
quant_swap,traffic_shift,0.3,per_tenant,True,False
quant_swap,traffic_shift,0.3,ours,True,False
quant_swap,traffic_shift,0.3,ours_shift_flag,True,True
quant_swap,traffic_shift,0.3,ours_input,False,True
quant_swap,traffic_shift,0.3,pooled,True,False
quant_swap,traffic_shift,0.3,per_tenant,True,False
quant_swap,traffic_shift,0.3,ours,True,False
quant_swap,traffic_shift,0.3,ours_shift_flag,True,True
quant_swap,traffic_shift,0.3,ours_input,False,True
quant_swap,traffic_shift,0.3,pooled,True,False
quant_swap,traffic_shift,0.3,per_tenant,True,False
quant_swap,traffic_shift,0.3,ours,True,False
quant_swap,traffic_shift,0.3,ours_shift_flag,True,True
quant_swap,traffic_shift,0.3,ours_input,False,True
quant_swap,traffic_shift,0.3,pooled,True,False
quant_swap,traffic_shift,0.3,per_tenant,True,False
quant_swap,traffic_shift,0.3,ours,True,False
quant_swap,traffic_shift,0.3,ours_shift_flag,True,True
quant_swap,traffic_shift,0.3,ours_input,False,True
quant_swap,traffic_shift,0.3,pooled,True,False
quant_swap,traffic_shift,0.3,per_tenant,True,False
quant_swap,traffic_shift,0.3,ours,True,False
quant_swap,traffic_shift,0.3,ours_shift_flag,True,True
quant_swap,traffic_shift,0.3,ours_input,False,True
quant_swap,traffic_shift,0.3,pooled,True,False
quant_swap,traffic_shift,0.3,per_tenant,True,False
quant_swap,traffic_shift,0.3,ours,True,False
quant_swap,traffic_shift,0.3,ours_shift_flag,True,True
quant_swap,traffic_shift,0.3,ours_input,False,True
quant_swap,traffic_shift,0.3,pooled,True,False
quant_swap,traffic_shift,0.3,per_tenant,True,False
quant_swap,traffic_shift,0.3,ours,True,False
quant_swap,traffic_shift,0.3,ours_shift_flag,True,True
quant_swap,traffic_shift,0.3,ours_input,False,True
quant_swap,traffic_shift,0.3,pooled,True,False
quant_swap,traffic_shift,0.3,per_tenant,True,False
quant_swap,traffic_shift,0.3,ours,True,False
quant_swap,traffic_shift,0.3,ours_shift_flag,True,True
quant_swap,traffic_shift,0.3,ours_input,False,True
quant_swap,traffic_shift,0.3,pooled,True,False
quant_swap,traffic_shift,0.3,per_tenant,True,False
quant_swap,traffic_shift,0.3,ours,True,False
quant_swap,traffic_shift,0.3,ours_shift_flag,True,True
quant_swap,traffic_shift,0.3,ours_input,False,True
quant_swap,traffic_shift,0.3,pooled,True,False
quant_swap,traffic_shift,0.3,per_tenant,True,False
quant_swap,traffic_shift,0.3,ours,True,False
quant_swap,traffic_shift,0.3,ours_shift_flag,True,True
quant_swap,traffic_shift,0.3,ours_input,False,True
quant_swap,traffic_shift,0.3,pooled,True,False
quant_swap,traffic_shift,0.3,per_tenant,True,False
quant_swap,traffic_shift,0.3,ours,True,False
quant_swap,traffic_shift,0.3,ours_shift_flag,True,True
quant_swap,traffic_shift,0.3,ours_input,False,True
quant_swap,traffic_shift,0.3,pooled,True,False
quant_swap,traffic_shift,0.3,per_tenant,True,False
quant_swap,traffic_shift,0.3,ours,True,False
quant_swap,traffic_shift,0.3,ours_shift_flag,True,True
quant_swap,traffic_shift,0.3,ours_input,False,True
quant_swap,traffic_shift,0.3,pooled,True,False
quant_swap,traffic_shift,0.3,per_tenant,True,False
quant_swap,traffic_shift,0.3,ours,True,False
quant_swap,traffic_shift,0.3,ours_shift_flag,True,True
quant_swap,traffic_shift,0.3,ours_input,False,True
quant_swap,traffic_shift,0.3,pooled,True,False
quant_swap,traffic_shift,0.3,per_tenant,True,False
quant_swap,traffic_shift,0.3,ours,True,False
quant_swap,traffic_shift,0.3,ours_shift_flag,True,True
quant_swap,traffic_shift,0.3,ours_input,False,True
quant_swap,traffic_shift,0.3,pooled,True,False
quant_swap,traffic_shift,0.3,per_tenant,True,False
quant_swap,traffic_shift,0.3,ours,True,False
quant_swap,traffic_shift,0.3,ours_shift_flag,True,True
quant_swap,traffic_shift,0.3,ours_input,False,True
quant_swap,traffic_shift,0.3,pooled,True,False
quant_swap,traffic_shift,0.3,per_tenant,True,False
quant_swap,traffic_shift,0.3,ours,True,False
quant_swap,traffic_shift,0.3,ours_shift_flag,True,True
quant_swap,traffic_shift,0.3,ours_input,False,True
quant_swap,traffic_shift,0.3,pooled,True,False
quant_swap,traffic_shift,0.3,per_tenant,True,False
quant_swap,traffic_shift,0.3,ours,True,False
quant_swap,traffic_shift,0.3,ours_shift_flag,True,True
quant_swap,traffic_shift,0.3,ours_input,False,True
quant_swap,traffic_shift,0.3,pooled,True,False
quant_swap,traffic_shift,0.3,per_tenant,True,False
quant_swap,traffic_shift,0.3,ours,True,False
quant_swap,traffic_shift,0.3,ours_shift_flag,True,True
quant_swap,traffic_shift,0.3,ours_input,False,True
quant_swap,traffic_shift,0.3,pooled,True,False
quant_swap,traffic_shift,0.3,per_tenant,True,False
quant_swap,traffic_shift,0.3,ours,True,False
quant_swap,traffic_shift,0.3,ours_shift_flag,True,True
quant_swap,traffic_shift,0.3,ours_input,False,True
quant_swap,traffic_shift,0.3,pooled,True,False
quant_swap,traffic_shift,0.3,per_tenant,True,False
quant_swap,traffic_shift,0.3,ours,True,False
quant_swap,traffic_shift,0.3,ours_shift_flag,True,True
quant_swap,traffic_shift,0.3,ours_input,False,True
quant_swap,traffic_shift,0.3,pooled,True,False
quant_swap,traffic_shift,0.3,per_tenant,True,False
quant_swap,traffic_shift,0.3,ours,True,False
quant_swap,traffic_shift,0.3,ours_shift_flag,True,True
quant_swap,traffic_shift,0.3,ours_input,False,True
quant_swap,traffic_shift,0.3,pooled,True,False
quant_swap,traffic_shift,0.3,per_tenant,True,False
quant_swap,traffic_shift,0.3,ours,True,False
quant_swap,traffic_shift,0.3,ours_shift_flag,True,True
quant_swap,traffic_shift,0.3,ours_input,False,True
quant_swap,traffic_shift,0.3,pooled,True,False
quant_swap,traffic_shift,0.3,per_tenant,True,False
quant_swap,traffic_shift,0.3,ours,True,False
quant_swap,traffic_shift,0.3,ours_shift_flag,True,True
quant_swap,traffic_shift,0.3,ours_input,False,True
quant_swap,traffic_shift,0.3,pooled,True,False
quant_swap,traffic_shift,0.3,per_tenant,True,False
quant_swap,traffic_shift,0.3,ours,True,False
quant_swap,traffic_shift,0.3,ours_shift_flag,True,True
quant_swap,traffic_shift,0.3,ours_input,False,True
quant_swap,traffic_shift,0.3,pooled,True,False
quant_swap,traffic_shift,0.3,per_tenant,True,False
quant_swap,traffic_shift,0.3,ours,True,False
quant_swap,traffic_shift,0.3,ours_shift_flag,True,True
quant_swap,traffic_shift,0.3,ours_input,False,True
quant_swap,traffic_shift,0.3,pooled,True,False
quant_swap,traffic_shift,0.3,per_tenant,True,False
quant_swap,traffic_shift,0.3,ours,True,False
quant_swap,traffic_shift,0.3,ours_shift_flag,True,True
quant_swap,traffic_shift,0.3,ours_input,False,True
quant_swap,traffic_shift,0.3,pooled,True,False
quant_swap,traffic_shift,0.3,per_tenant,True,False
quant_swap,traffic_shift,0.3,ours,True,False
quant_swap,traffic_shift,0.3,ours_shift_flag,True,True
quant_swap,traffic_shift,0.3,ours_input,False,True
quant_swap,traffic_shift,0.3,pooled,True,False
quant_swap,traffic_shift,0.3,per_tenant,True,False
quant_swap,traffic_shift,0.3,ours,True,False
quant_swap,traffic_shift,0.3,ours_shift_flag,True,True
quant_swap,traffic_shift,0.3,ours_input,False,True
quant_swap,traffic_shift,0.3,pooled,True,False
quant_swap,traffic_shift,0.3,per_tenant,True,False
quant_swap,traffic_shift,0.3,ours,True,False
quant_swap,traffic_shift,0.3,ours_shift_flag,True,True
quant_swap,traffic_shift,0.3,ours_input,False,True
quant_swap,traffic_shift,0.3,pooled,True,False
quant_swap,traffic_shift,0.3,per_tenant,True,False
quant_swap,traffic_shift,0.3,ours,True,False
quant_swap,traffic_shift,0.3,ours_shift_flag,True,True
quant_swap,traffic_shift,0.3,ours_input,False,True
quant_swap,traffic_shift,0.3,pooled,True,False
quant_swap,traffic_shift,0.3,per_tenant,True,False
quant_swap,traffic_shift,0.3,ours,True,False
quant_swap,traffic_shift,0.3,ours_shift_flag,True,True
quant_swap,traffic_shift,0.3,ours_input,False,True
quant_swap,traffic_shift,0.3,pooled,True,False
quant_swap,traffic_shift,0.3,per_tenant,True,False
quant_swap,traffic_shift,0.3,ours,True,False
quant_swap,traffic_shift,0.3,ours_shift_flag,True,True
quant_swap,traffic_shift,0.3,ours_input,False,True
quant_swap,traffic_shift,0.3,pooled,True,False
quant_swap,traffic_shift,0.3,per_tenant,True,False
quant_swap,traffic_shift,0.3,ours,True,False
quant_swap,traffic_shift,0.3,ours_shift_flag,True,True
quant_swap,traffic_shift,0.3,ours_input,False,True
quant_swap,traffic_shift,0.3,pooled,True,False
quant_swap,traffic_shift,0.3,per_tenant,True,False
quant_swap,traffic_shift,0.3,ours,True,False
quant_swap,traffic_shift,0.3,ours_shift_flag,True,True
quant_swap,traffic_shift,0.3,ours_input,False,True
quant_swap,both,0.3,pooled,True,True
quant_swap,both,0.3,per_tenant,True,True
quant_swap,both,0.3,ours,True,True
quant_swap,both,0.3,ours_shift_flag,True,True
quant_swap,both,0.3,ours_input,True,True
quant_swap,both,0.3,pooled,True,True
quant_swap,both,0.3,per_tenant,True,True
quant_swap,both,0.3,ours,True,True
quant_swap,both,0.3,ours_shift_flag,True,True
quant_swap,both,0.3,ours_input,True,True
quant_swap,both,0.3,pooled,True,True
quant_swap,both,0.3,per_tenant,True,True
quant_swap,both,0.3,ours,True,True
quant_swap,both,0.3,ours_shift_flag,True,True
quant_swap,both,0.3,ours_input,True,True
quant_swap,both,0.3,pooled,True,True
quant_swap,both,0.3,per_tenant,True,True
quant_swap,both,0.3,ours,True,True
quant_swap,both,0.3,ours_shift_flag,True,True
quant_swap,both,0.3,ours_input,True,True
quant_swap,both,0.3,pooled,True,True
quant_swap,both,0.3,per_tenant,True,True
quant_swap,both,0.3,ours,True,True
quant_swap,both,0.3,ours_shift_flag,True,True
quant_swap,both,0.3,ours_input,True,True
quant_swap,both,0.3,pooled,True,True
quant_swap,both,0.3,per_tenant,True,True
quant_swap,both,0.3,ours,True,True
quant_swap,both,0.3,ours_shift_flag,True,True
quant_swap,both,0.3,ours_input,True,True
quant_swap,both,0.3,pooled,True,True
quant_swap,both,0.3,per_tenant,True,True
quant_swap,both,0.3,ours,True,True
quant_swap,both,0.3,ours_shift_flag,True,True
quant_swap,both,0.3,ours_input,True,True
quant_swap,both,0.3,pooled,True,True
quant_swap,both,0.3,per_tenant,True,True
quant_swap,both,0.3,ours,True,True
quant_swap,both,0.3,ours_shift_flag,True,True
quant_swap,both,0.3,ours_input,True,True
quant_swap,both,0.3,pooled,True,True
quant_swap,both,0.3,per_tenant,True,True
quant_swap,both,0.3,ours,True,True
quant_swap,both,0.3,ours_shift_flag,True,True
quant_swap,both,0.3,ours_input,True,True
quant_swap,both,0.3,pooled,True,True
quant_swap,both,0.3,per_tenant,True,True
quant_swap,both,0.3,ours,True,True
quant_swap,both,0.3,ours_shift_flag,True,True
quant_swap,both,0.3,ours_input,True,True
quant_swap,both,0.3,pooled,True,True
quant_swap,both,0.3,per_tenant,True,True
quant_swap,both,0.3,ours,True,True
quant_swap,both,0.3,ours_shift_flag,True,True
quant_swap,both,0.3,ours_input,True,True
quant_swap,both,0.3,pooled,True,True
quant_swap,both,0.3,per_tenant,True,True
quant_swap,both,0.3,ours,True,True
quant_swap,both,0.3,ours_shift_flag,True,True
quant_swap,both,0.3,ours_input,True,True
quant_swap,both,0.3,pooled,True,True
quant_swap,both,0.3,per_tenant,True,True
quant_swap,both,0.3,ours,True,True
quant_swap,both,0.3,ours_shift_flag,True,True
quant_swap,both,0.3,ours_input,True,True
quant_swap,both,0.3,pooled,True,True
quant_swap,both,0.3,per_tenant,True,True
quant_swap,both,0.3,ours,True,True
quant_swap,both,0.3,ours_shift_flag,True,True
quant_swap,both,0.3,ours_input,True,True
quant_swap,both,0.3,pooled,True,True
quant_swap,both,0.3,per_tenant,True,True
quant_swap,both,0.3,ours,True,True
quant_swap,both,0.3,ours_shift_flag,True,True
quant_swap,both,0.3,ours_input,True,True
quant_swap,both,0.3,pooled,True,True
quant_swap,both,0.3,per_tenant,True,True
quant_swap,both,0.3,ours,True,True
quant_swap,both,0.3,ours_shift_flag,True,True
quant_swap,both,0.3,ours_input,True,True
quant_swap,both,0.3,pooled,True,True
quant_swap,both,0.3,per_tenant,True,True
quant_swap,both,0.3,ours,True,True
quant_swap,both,0.3,ours_shift_flag,True,True
quant_swap,both,0.3,ours_input,True,True
quant_swap,both,0.3,pooled,True,True
quant_swap,both,0.3,per_tenant,True,True
quant_swap,both,0.3,ours,True,True
quant_swap,both,0.3,ours_shift_flag,True,True
quant_swap,both,0.3,ours_input,True,True
quant_swap,both,0.3,pooled,True,True
quant_swap,both,0.3,per_tenant,True,True
quant_swap,both,0.3,ours,True,True
quant_swap,both,0.3,ours_shift_flag,True,True
quant_swap,both,0.3,ours_input,True,True
quant_swap,both,0.3,pooled,True,True
quant_swap,both,0.3,per_tenant,True,True
quant_swap,both,0.3,ours,True,True
quant_swap,both,0.3,ours_shift_flag,True,True
quant_swap,both,0.3,ours_input,True,True
quant_swap,both,0.3,pooled,True,True
quant_swap,both,0.3,per_tenant,True,True
quant_swap,both,0.3,ours,True,True
quant_swap,both,0.3,ours_shift_flag,True,True
quant_swap,both,0.3,ours_input,True,True
quant_swap,both,0.3,pooled,True,True
quant_swap,both,0.3,per_tenant,True,True
quant_swap,both,0.3,ours,True,True
quant_swap,both,0.3,ours_shift_flag,True,True
quant_swap,both,0.3,ours_input,True,True
quant_swap,both,0.3,pooled,True,True
quant_swap,both,0.3,per_tenant,True,True
quant_swap,both,0.3,ours,True,True
quant_swap,both,0.3,ours_shift_flag,True,True
quant_swap,both,0.3,ours_input,True,True
quant_swap,both,0.3,pooled,True,True
quant_swap,both,0.3,per_tenant,True,True
quant_swap,both,0.3,ours,True,True
quant_swap,both,0.3,ours_shift_flag,True,True
quant_swap,both,0.3,ours_input,True,True
quant_swap,both,0.3,pooled,True,True
quant_swap,both,0.3,per_tenant,True,True
quant_swap,both,0.3,ours,True,True
quant_swap,both,0.3,ours_shift_flag,True,True
quant_swap,both,0.3,ours_input,True,True
quant_swap,both,0.3,pooled,True,True
quant_swap,both,0.3,per_tenant,True,True
quant_swap,both,0.3,ours,True,True
quant_swap,both,0.3,ours_shift_flag,True,True
quant_swap,both,0.3,ours_input,True,True
quant_swap,both,0.3,pooled,True,True
quant_swap,both,0.3,per_tenant,True,True
quant_swap,both,0.3,ours,True,True
quant_swap,both,0.3,ours_shift_flag,True,True
quant_swap,both,0.3,ours_input,True,True
quant_swap,both,0.3,pooled,True,True
quant_swap,both,0.3,per_tenant,True,True
quant_swap,both,0.3,ours,True,True
quant_swap,both,0.3,ours_shift_flag,True,True
quant_swap,both,0.3,ours_input,True,True
quant_swap,both,0.3,pooled,True,True
quant_swap,both,0.3,per_tenant,True,True
quant_swap,both,0.3,ours,True,True
quant_swap,both,0.3,ours_shift_flag,True,True
quant_swap,both,0.3,ours_input,True,True
quant_swap,both,0.3,pooled,True,True
quant_swap,both,0.3,per_tenant,True,True
quant_swap,both,0.3,ours,True,True
quant_swap,both,0.3,ours_shift_flag,True,True
quant_swap,both,0.3,ours_input,True,True
quant_swap,both,0.3,pooled,True,True
quant_swap,both,0.3,per_tenant,True,True
quant_swap,both,0.3,ours,True,True
quant_swap,both,0.3,ours_shift_flag,True,True
quant_swap,both,0.3,ours_input,True,True
quant_swap,both,0.3,pooled,True,True
quant_swap,both,0.3,per_tenant,True,True
quant_swap,both,0.3,ours,True,True
quant_swap,both,0.3,ours_shift_flag,True,True
quant_swap,both,0.3,ours_input,True,True
quant_swap,both,0.3,pooled,True,True
quant_swap,both,0.3,per_tenant,True,True
quant_swap,both,0.3,ours,True,True
quant_swap,both,0.3,ours_shift_flag,True,True
quant_swap,both,0.3,ours_input,True,True
quant_swap,both,0.3,pooled,True,True
quant_swap,both,0.3,per_tenant,True,True
quant_swap,both,0.3,ours,True,True
quant_swap,both,0.3,ours_shift_flag,True,True
quant_swap,both,0.3,ours_input,True,True
quant_swap,both,0.3,pooled,True,True
quant_swap,both,0.3,per_tenant,True,True
quant_swap,both,0.3,ours,True,True
quant_swap,both,0.3,ours_shift_flag,True,True
quant_swap,both,0.3,ours_input,True,True
quant_swap,both,0.3,pooled,True,True
quant_swap,both,0.3,per_tenant,True,True
quant_swap,both,0.3,ours,True,True
quant_swap,both,0.3,ours_shift_flag,True,True
quant_swap,both,0.3,ours_input,True,True
quant_swap,both,0.3,pooled,True,True
quant_swap,both,0.3,per_tenant,True,True
quant_swap,both,0.3,ours,True,True
quant_swap,both,0.3,ours_shift_flag,True,True
quant_swap,both,0.3,ours_input,True,True
quant_swap,both,0.3,pooled,True,True
quant_swap,both,0.3,per_tenant,True,True
quant_swap,both,0.3,ours,True,True
quant_swap,both,0.3,ours_shift_flag,True,True
quant_swap,both,0.3,ours_input,True,True
quant_swap,both,0.3,pooled,True,True
quant_swap,both,0.3,per_tenant,True,True
quant_swap,both,0.3,ours,True,True
quant_swap,both,0.3,ours_shift_flag,True,True
quant_swap,both,0.3,ours_input,True,True
quant_swap,both,0.3,pooled,True,True
quant_swap,both,0.3,per_tenant,True,True
quant_swap,both,0.3,ours,True,True
quant_swap,both,0.3,ours_shift_flag,True,True
quant_swap,both,0.3,ours_input,True,True
quant_swap,both,0.3,pooled,True,True
quant_swap,both,0.3,per_tenant,True,True
quant_swap,both,0.3,ours,True,True
quant_swap,both,0.3,ours_shift_flag,True,True
quant_swap,both,0.3,ours_input,True,True
quant_swap,both,0.3,pooled,True,True
quant_swap,both,0.3,per_tenant,True,True
quant_swap,both,0.3,ours,True,True
quant_swap,both,0.3,ours_shift_flag,True,True
quant_swap,both,0.3,ours_input,True,True
quant_swap,both,0.3,pooled,True,True
quant_swap,both,0.3,per_tenant,True,True
quant_swap,both,0.3,ours,True,True
quant_swap,both,0.3,ours_shift_flag,True,True
quant_swap,both,0.3,ours_input,True,True
quant_swap,both,0.3,pooled,True,True
quant_swap,both,0.3,per_tenant,True,True
quant_swap,both,0.3,ours,True,True
quant_swap,both,0.3,ours_shift_flag,True,True
quant_swap,both,0.3,ours_input,True,True
quant_swap,both,0.3,pooled,True,True
quant_swap,both,0.3,per_tenant,True,True
quant_swap,both,0.3,ours,True,True
quant_swap,both,0.3,ours_shift_flag,True,True
quant_swap,both,0.3,ours_input,True,True
quant_swap,both,0.3,pooled,True,True
quant_swap,both,0.3,per_tenant,True,True
quant_swap,both,0.3,ours,True,True
quant_swap,both,0.3,ours_shift_flag,True,True
quant_swap,both,0.3,ours_input,True,True
quant_swap,both,0.3,pooled,True,True
quant_swap,both,0.3,per_tenant,True,True
quant_swap,both,0.3,ours,True,True
quant_swap,both,0.3,ours_shift_flag,True,True
quant_swap,both,0.3,ours_input,True,True
quant_swap,both,0.3,pooled,True,True
quant_swap,both,0.3,per_tenant,True,True
quant_swap,both,0.3,ours,True,True
quant_swap,both,0.3,ours_shift_flag,True,True
quant_swap,both,0.3,ours_input,True,True
quant_swap,both,0.3,pooled,True,True
quant_swap,both,0.3,per_tenant,True,True
quant_swap,both,0.3,ours,True,True
quant_swap,both,0.3,ours_shift_flag,True,True
quant_swap,both,0.3,ours_input,True,True
quant_swap,both,0.3,pooled,True,True
quant_swap,both,0.3,per_tenant,True,True
quant_swap,both,0.3,ours,True,True
quant_swap,both,0.3,ours_shift_flag,True,True
quant_swap,both,0.3,ours_input,True,True
quant_swap,both,0.3,pooled,True,True
quant_swap,both,0.3,per_tenant,True,True
quant_swap,both,0.3,ours,True,True
quant_swap,both,0.3,ours_shift_flag,True,True
quant_swap,both,0.3,ours_input,True,True
quant_swap,both,0.3,pooled,True,True
quant_swap,both,0.3,per_tenant,True,True
quant_swap,both,0.3,ours,True,True
quant_swap,both,0.3,ours_shift_flag,True,True
quant_swap,both,0.3,ours_input,True,True
quant_swap,both,0.3,pooled,True,True
quant_swap,both,0.3,per_tenant,True,True
quant_swap,both,0.3,ours,True,True
quant_swap,both,0.3,ours_shift_flag,True,True
quant_swap,both,0.3,ours_input,True,True
quant_swap,both,0.3,pooled,True,True
quant_swap,both,0.3,per_tenant,True,True
quant_swap,both,0.3,ours,True,True
quant_swap,both,0.3,ours_shift_flag,True,True
quant_swap,both,0.3,ours_input,True,True
quant_swap,both,0.3,pooled,True,True
quant_swap,both,0.3,per_tenant,True,True
quant_swap,both,0.3,ours,True,True
quant_swap,both,0.3,ours_shift_flag,True,True
quant_swap,both,0.3,ours_input,True,True
quant_swap,both,0.3,pooled,True,True
quant_swap,both,0.3,per_tenant,True,True
quant_swap,both,0.3,ours,True,True
quant_swap,both,0.3,ours_shift_flag,True,True
quant_swap,both,0.3,ours_input,True,True
quant_swap,both,0.3,pooled,True,True
quant_swap,both,0.3,per_tenant,True,True
quant_swap,both,0.3,ours,True,True
quant_swap,both,0.3,ours_shift_flag,True,True
quant_swap,both,0.3,ours_input,True,True
quant_swap,both,0.3,pooled,True,True
quant_swap,both,0.3,per_tenant,True,True
quant_swap,both,0.3,ours,True,True
quant_swap,both,0.3,ours_shift_flag,True,True
quant_swap,both,0.3,ours_input,True,True
quant_swap,both,0.3,pooled,True,True
quant_swap,both,0.3,per_tenant,True,True
quant_swap,both,0.3,ours,True,True
quant_swap,both,0.3,ours_shift_flag,True,True
quant_swap,both,0.3,ours_input,True,True
quant_swap,both,0.3,pooled,True,True
quant_swap,both,0.3,per_tenant,True,True
quant_swap,both,0.3,ours,True,True
quant_swap,both,0.3,ours_shift_flag,True,True
quant_swap,both,0.3,ours_input,True,True
quant_swap,none,1.0,pooled,False,True
quant_swap,none,1.0,per_tenant,False,True
quant_swap,none,1.0,ours,False,True
quant_swap,none,1.0,ours_shift_flag,False,True
quant_swap,none,1.0,ours_input,False,True
quant_swap,none,1.0,pooled,False,True
quant_swap,none,1.0,per_tenant,False,True
quant_swap,none,1.0,ours,False,True
quant_swap,none,1.0,ours_shift_flag,False,True
quant_swap,none,1.0,ours_input,False,True
quant_swap,none,1.0,pooled,False,True
quant_swap,none,1.0,per_tenant,False,True
quant_swap,none,1.0,ours,False,True
quant_swap,none,1.0,ours_shift_flag,False,True
quant_swap,none,1.0,ours_input,False,True
quant_swap,none,1.0,pooled,False,True
quant_swap,none,1.0,per_tenant,False,True
quant_swap,none,1.0,ours,False,True
quant_swap,none,1.0,ours_shift_flag,False,True
quant_swap,none,1.0,ours_input,False,True
quant_swap,none,1.0,pooled,False,True
quant_swap,none,1.0,per_tenant,False,True
quant_swap,none,1.0,ours,False,True
quant_swap,none,1.0,ours_shift_flag,False,True
quant_swap,none,1.0,ours_input,False,True
quant_swap,none,1.0,pooled,False,True
quant_swap,none,1.0,per_tenant,False,True
quant_swap,none,1.0,ours,False,True
quant_swap,none,1.0,ours_shift_flag,False,True
quant_swap,none,1.0,ours_input,False,True
quant_swap,none,1.0,pooled,False,True
quant_swap,none,1.0,per_tenant,False,True
quant_swap,none,1.0,ours,False,True
quant_swap,none,1.0,ours_shift_flag,False,True
quant_swap,none,1.0,ours_input,False,True
quant_swap,none,1.0,pooled,False,True
quant_swap,none,1.0,per_tenant,False,True
quant_swap,none,1.0,ours,False,True
quant_swap,none,1.0,ours_shift_flag,False,True
quant_swap,none,1.0,ours_input,False,True
quant_swap,none,1.0,pooled,False,True
quant_swap,none,1.0,per_tenant,False,True
quant_swap,none,1.0,ours,False,True
quant_swap,none,1.0,ours_shift_flag,False,True
quant_swap,none,1.0,ours_input,False,True
quant_swap,none,1.0,pooled,False,True
quant_swap,none,1.0,per_tenant,False,True
quant_swap,none,1.0,ours,False,True
quant_swap,none,1.0,ours_shift_flag,False,True
quant_swap,none,1.0,ours_input,False,True
quant_swap,none,1.0,pooled,False,True
quant_swap,none,1.0,per_tenant,False,True
quant_swap,none,1.0,ours,False,True
quant_swap,none,1.0,ours_shift_flag,False,True
quant_swap,none,1.0,ours_input,False,True
quant_swap,none,1.0,pooled,False,True
quant_swap,none,1.0,per_tenant,False,True
quant_swap,none,1.0,ours,False,True
quant_swap,none,1.0,ours_shift_flag,False,True
quant_swap,none,1.0,ours_input,False,True
quant_swap,none,1.0,pooled,False,True
quant_swap,none,1.0,per_tenant,False,True
quant_swap,none,1.0,ours,False,True
quant_swap,none,1.0,ours_shift_flag,False,True
quant_swap,none,1.0,ours_input,False,True
quant_swap,none,1.0,pooled,False,True
quant_swap,none,1.0,per_tenant,False,True
quant_swap,none,1.0,ours,False,True
quant_swap,none,1.0,ours_shift_flag,False,True
quant_swap,none,1.0,ours_input,False,True
quant_swap,none,1.0,pooled,False,True
quant_swap,none,1.0,per_tenant,False,True
quant_swap,none,1.0,ours,False,True
quant_swap,none,1.0,ours_shift_flag,False,True
quant_swap,none,1.0,ours_input,False,True
quant_swap,none,1.0,pooled,False,True
quant_swap,none,1.0,per_tenant,False,True
quant_swap,none,1.0,ours,False,True
quant_swap,none,1.0,ours_shift_flag,False,True
quant_swap,none,1.0,ours_input,False,True
quant_swap,none,1.0,pooled,False,True
quant_swap,none,1.0,per_tenant,False,True
quant_swap,none,1.0,ours,False,True
quant_swap,none,1.0,ours_shift_flag,False,True
quant_swap,none,1.0,ours_input,False,True
quant_swap,none,1.0,pooled,False,True
quant_swap,none,1.0,per_tenant,False,True
quant_swap,none,1.0,ours,False,True
quant_swap,none,1.0,ours_shift_flag,False,True
quant_swap,none,1.0,ours_input,False,True
quant_swap,none,1.0,pooled,False,True
quant_swap,none,1.0,per_tenant,False,True
quant_swap,none,1.0,ours,False,True
quant_swap,none,1.0,ours_shift_flag,False,True
quant_swap,none,1.0,ours_input,False,True
quant_swap,none,1.0,pooled,False,True
quant_swap,none,1.0,per_tenant,False,True
quant_swap,none,1.0,ours,False,True
quant_swap,none,1.0,ours_shift_flag,False,True
quant_swap,none,1.0,ours_input,False,True
quant_swap,none,1.0,pooled,False,True
quant_swap,none,1.0,per_tenant,False,True
quant_swap,none,1.0,ours,False,True
quant_swap,none,1.0,ours_shift_flag,False,True
quant_swap,none,1.0,ours_input,False,True
quant_swap,none,1.0,pooled,False,True
quant_swap,none,1.0,per_tenant,False,True
quant_swap,none,1.0,ours,False,True
quant_swap,none,1.0,ours_shift_flag,False,True
quant_swap,none,1.0,ours_input,False,True
quant_swap,none,1.0,pooled,False,True
quant_swap,none,1.0,per_tenant,False,True
quant_swap,none,1.0,ours,False,True
quant_swap,none,1.0,ours_shift_flag,False,True
quant_swap,none,1.0,ours_input,False,True
quant_swap,none,1.0,pooled,False,True
quant_swap,none,1.0,per_tenant,False,True
quant_swap,none,1.0,ours,False,True
quant_swap,none,1.0,ours_shift_flag,False,True
quant_swap,none,1.0,ours_input,False,True
quant_swap,none,1.0,pooled,False,True
quant_swap,none,1.0,per_tenant,False,True
quant_swap,none,1.0,ours,False,True
quant_swap,none,1.0,ours_shift_flag,False,True
quant_swap,none,1.0,ours_input,False,True
quant_swap,none,1.0,pooled,False,True
quant_swap,none,1.0,per_tenant,False,True
quant_swap,none,1.0,ours,False,True
quant_swap,none,1.0,ours_shift_flag,False,True
quant_swap,none,1.0,ours_input,False,True
quant_swap,none,1.0,pooled,False,True
quant_swap,none,1.0,per_tenant,False,True
quant_swap,none,1.0,ours,False,True
quant_swap,none,1.0,ours_shift_flag,False,True
quant_swap,none,1.0,ours_input,False,True
quant_swap,none,1.0,pooled,False,True
quant_swap,none,1.0,per_tenant,False,True
quant_swap,none,1.0,ours,False,True
quant_swap,none,1.0,ours_shift_flag,False,True
quant_swap,none,1.0,ours_input,False,True
quant_swap,none,1.0,pooled,False,True
quant_swap,none,1.0,per_tenant,False,True
quant_swap,none,1.0,ours,False,True
quant_swap,none,1.0,ours_shift_flag,False,True
quant_swap,none,1.0,ours_input,False,True
quant_swap,none,1.0,pooled,False,True
quant_swap,none,1.0,per_tenant,False,True
quant_swap,none,1.0,ours,False,True
quant_swap,none,1.0,ours_shift_flag,False,True
quant_swap,none,1.0,ours_input,False,True
quant_swap,none,1.0,pooled,False,True
quant_swap,none,1.0,per_tenant,False,True
quant_swap,none,1.0,ours,False,True
quant_swap,none,1.0,ours_shift_flag,False,True
quant_swap,none,1.0,ours_input,False,True
quant_swap,none,1.0,pooled,False,True
quant_swap,none,1.0,per_tenant,False,True
quant_swap,none,1.0,ours,False,True
quant_swap,none,1.0,ours_shift_flag,False,True
quant_swap,none,1.0,ours_input,False,True
quant_swap,none,1.0,pooled,False,True
quant_swap,none,1.0,per_tenant,False,True
quant_swap,none,1.0,ours,False,True
quant_swap,none,1.0,ours_shift_flag,False,True
quant_swap,none,1.0,ours_input,False,True
quant_swap,none,1.0,pooled,False,True
quant_swap,none,1.0,per_tenant,False,True
quant_swap,none,1.0,ours,False,True
quant_swap,none,1.0,ours_shift_flag,False,True
quant_swap,none,1.0,ours_input,False,True
quant_swap,none,1.0,pooled,False,True
quant_swap,none,1.0,per_tenant,False,True
quant_swap,none,1.0,ours,False,True
quant_swap,none,1.0,ours_shift_flag,False,True
quant_swap,none,1.0,ours_input,False,True
quant_swap,none,1.0,pooled,False,True
quant_swap,none,1.0,per_tenant,False,True
quant_swap,none,1.0,ours,False,True
quant_swap,none,1.0,ours_shift_flag,False,True
quant_swap,none,1.0,ours_input,False,True
quant_swap,none,1.0,pooled,False,True
quant_swap,none,1.0,per_tenant,False,True
quant_swap,none,1.0,ours,False,True
quant_swap,none,1.0,ours_shift_flag,False,True
quant_swap,none,1.0,ours_input,False,True
quant_swap,none,1.0,pooled,False,True
quant_swap,none,1.0,per_tenant,False,True
quant_swap,none,1.0,ours,False,True
quant_swap,none,1.0,ours_shift_flag,False,True
quant_swap,none,1.0,ours_input,False,True
quant_swap,none,1.0,pooled,False,True
quant_swap,none,1.0,per_tenant,False,True
quant_swap,none,1.0,ours,False,True
quant_swap,none,1.0,ours_shift_flag,False,True
quant_swap,none,1.0,ours_input,False,True
quant_swap,none,1.0,pooled,False,True
quant_swap,none,1.0,per_tenant,False,True
quant_swap,none,1.0,ours,False,True
quant_swap,none,1.0,ours_shift_flag,False,True
quant_swap,none,1.0,ours_input,False,True
quant_swap,none,1.0,pooled,False,True
quant_swap,none,1.0,per_tenant,False,True
quant_swap,none,1.0,ours,False,True
quant_swap,none,1.0,ours_shift_flag,False,True
quant_swap,none,1.0,ours_input,False,True
quant_swap,none,1.0,pooled,False,True
quant_swap,none,1.0,per_tenant,False,True
quant_swap,none,1.0,ours,False,True
quant_swap,none,1.0,ours_shift_flag,False,True
quant_swap,none,1.0,ours_input,False,True
quant_swap,none,1.0,pooled,False,True
quant_swap,none,1.0,per_tenant,False,True
quant_swap,none,1.0,ours,False,True
quant_swap,none,1.0,ours_shift_flag,False,True
quant_swap,none,1.0,ours_input,False,True
quant_swap,none,1.0,pooled,False,True
quant_swap,none,1.0,per_tenant,False,True
quant_swap,none,1.0,ours,False,True
quant_swap,none,1.0,ours_shift_flag,False,True
quant_swap,none,1.0,ours_input,False,True
quant_swap,none,1.0,pooled,False,True
quant_swap,none,1.0,per_tenant,False,True
quant_swap,none,1.0,ours,False,True
quant_swap,none,1.0,ours_shift_flag,False,True
quant_swap,none,1.0,ours_input,False,True
quant_swap,none,1.0,pooled,False,True
quant_swap,none,1.0,per_tenant,False,True
quant_swap,none,1.0,ours,False,True
quant_swap,none,1.0,ours_shift_flag,False,True
quant_swap,none,1.0,ours_input,False,True
quant_swap,none,1.0,pooled,False,True
quant_swap,none,1.0,per_tenant,False,True
quant_swap,none,1.0,ours,False,True
quant_swap,none,1.0,ours_shift_flag,False,True
quant_swap,none,1.0,ours_input,False,True
quant_swap,none,1.0,pooled,False,True
quant_swap,none,1.0,per_tenant,False,True
quant_swap,none,1.0,ours,False,True
quant_swap,none,1.0,ours_shift_flag,False,True
quant_swap,none,1.0,ours_input,False,True
quant_swap,none,1.0,pooled,False,True
quant_swap,none,1.0,per_tenant,False,True
quant_swap,none,1.0,ours,False,True
quant_swap,none,1.0,ours_shift_flag,False,True
quant_swap,none,1.0,ours_input,False,True
quant_swap,none,1.0,pooled,False,True
quant_swap,none,1.0,per_tenant,False,True
quant_swap,none,1.0,ours,False,True
quant_swap,none,1.0,ours_shift_flag,False,True
quant_swap,none,1.0,ours_input,False,True
quant_swap,none,1.0,pooled,False,True
quant_swap,none,1.0,per_tenant,False,True
quant_swap,none,1.0,ours,False,True
quant_swap,none,1.0,ours_shift_flag,False,True
quant_swap,none,1.0,ours_input,False,True
quant_swap,none,1.0,pooled,False,True
quant_swap,none,1.0,per_tenant,False,True
quant_swap,none,1.0,ours,False,True
quant_swap,none,1.0,ours_shift_flag,False,True
quant_swap,none,1.0,ours_input,False,True
quant_swap,none,1.0,pooled,False,True
quant_swap,none,1.0,per_tenant,False,True
quant_swap,none,1.0,ours,False,True
quant_swap,none,1.0,ours_shift_flag,False,True
quant_swap,none,1.0,ours_input,False,True
quant_swap,none,1.0,pooled,False,True
quant_swap,none,1.0,per_tenant,False,True
quant_swap,none,1.0,ours,False,True
quant_swap,none,1.0,ours_shift_flag,False,True
quant_swap,none,1.0,ours_input,False,True
quant_swap,none,1.0,pooled,False,True
quant_swap,none,1.0,per_tenant,False,True
quant_swap,none,1.0,ours,False,True
quant_swap,none,1.0,ours_shift_flag,False,True
quant_swap,none,1.0,ours_input,False,True
quant_swap,none,1.0,pooled,False,True
quant_swap,none,1.0,per_tenant,False,True
quant_swap,none,1.0,ours,False,True
quant_swap,none,1.0,ours_shift_flag,False,True
quant_swap,none,1.0,ours_input,False,True
quant_swap,none,1.0,pooled,False,True
quant_swap,none,1.0,per_tenant,False,True
quant_swap,none,1.0,ours,False,True
quant_swap,none,1.0,ours_shift_flag,False,True
quant_swap,none,1.0,ours_input,False,True
quant_swap,none,1.0,pooled,False,True
quant_swap,none,1.0,per_tenant,False,True
quant_swap,none,1.0,ours,False,True
quant_swap,none,1.0,ours_shift_flag,False,True
quant_swap,none,1.0,ours_input,False,True
quant_swap,none,1.0,pooled,False,True
quant_swap,none,1.0,per_tenant,False,True
quant_swap,none,1.0,ours,False,True
quant_swap,none,1.0,ours_shift_flag,False,True
quant_swap,none,1.0,ours_input,False,True
quant_swap,none,1.0,pooled,False,True
quant_swap,none,1.0,per_tenant,False,True
quant_swap,none,1.0,ours,False,True
quant_swap,none,1.0,ours_shift_flag,False,True
quant_swap,none,1.0,ours_input,False,True
quant_swap,provider_fault,1.0,pooled,True,True
quant_swap,provider_fault,1.0,per_tenant,True,True
quant_swap,provider_fault,1.0,ours,True,True
quant_swap,provider_fault,1.0,ours_shift_flag,False,True
quant_swap,provider_fault,1.0,ours_input,True,True
quant_swap,provider_fault,1.0,pooled,True,True
quant_swap,provider_fault,1.0,per_tenant,True,True
quant_swap,provider_fault,1.0,ours,True,True
quant_swap,provider_fault,1.0,ours_shift_flag,False,True
quant_swap,provider_fault,1.0,ours_input,True,True
quant_swap,provider_fault,1.0,pooled,True,True
quant_swap,provider_fault,1.0,per_tenant,True,True
quant_swap,provider_fault,1.0,ours,True,True
quant_swap,provider_fault,1.0,ours_shift_flag,False,True
quant_swap,provider_fault,1.0,ours_input,True,True
quant_swap,provider_fault,1.0,pooled,True,True
quant_swap,provider_fault,1.0,per_tenant,True,True
quant_swap,provider_fault,1.0,ours,True,True
quant_swap,provider_fault,1.0,ours_shift_flag,False,True
quant_swap,provider_fault,1.0,ours_input,True,True
quant_swap,provider_fault,1.0,pooled,True,True
quant_swap,provider_fault,1.0,per_tenant,True,True
quant_swap,provider_fault,1.0,ours,True,True
quant_swap,provider_fault,1.0,ours_shift_flag,False,True
quant_swap,provider_fault,1.0,ours_input,True,True
quant_swap,provider_fault,1.0,pooled,True,True
quant_swap,provider_fault,1.0,per_tenant,True,True
quant_swap,provider_fault,1.0,ours,True,True
quant_swap,provider_fault,1.0,ours_shift_flag,False,True
quant_swap,provider_fault,1.0,ours_input,True,True
quant_swap,provider_fault,1.0,pooled,True,True
quant_swap,provider_fault,1.0,per_tenant,True,True
quant_swap,provider_fault,1.0,ours,True,True
quant_swap,provider_fault,1.0,ours_shift_flag,False,True
quant_swap,provider_fault,1.0,ours_input,True,True
quant_swap,provider_fault,1.0,pooled,True,True
quant_swap,provider_fault,1.0,per_tenant,True,True
quant_swap,provider_fault,1.0,ours,True,True
quant_swap,provider_fault,1.0,ours_shift_flag,False,True
quant_swap,provider_fault,1.0,ours_input,True,True
quant_swap,provider_fault,1.0,pooled,True,True
quant_swap,provider_fault,1.0,per_tenant,True,True
quant_swap,provider_fault,1.0,ours,True,True
quant_swap,provider_fault,1.0,ours_shift_flag,False,True
quant_swap,provider_fault,1.0,ours_input,True,True
quant_swap,provider_fault,1.0,pooled,True,True
quant_swap,provider_fault,1.0,per_tenant,True,True
quant_swap,provider_fault,1.0,ours,True,True
quant_swap,provider_fault,1.0,ours_shift_flag,False,True
quant_swap,provider_fault,1.0,ours_input,True,True
quant_swap,provider_fault,1.0,pooled,True,True
quant_swap,provider_fault,1.0,per_tenant,True,True
quant_swap,provider_fault,1.0,ours,True,True
quant_swap,provider_fault,1.0,ours_shift_flag,False,True
quant_swap,provider_fault,1.0,ours_input,True,True
quant_swap,provider_fault,1.0,pooled,True,True
quant_swap,provider_fault,1.0,per_tenant,True,True
quant_swap,provider_fault,1.0,ours,True,True
quant_swap,provider_fault,1.0,ours_shift_flag,False,True
quant_swap,provider_fault,1.0,ours_input,True,True
quant_swap,provider_fault,1.0,pooled,True,True
quant_swap,provider_fault,1.0,per_tenant,True,True
quant_swap,provider_fault,1.0,ours,True,True
quant_swap,provider_fault,1.0,ours_shift_flag,False,True
quant_swap,provider_fault,1.0,ours_input,True,True
quant_swap,provider_fault,1.0,pooled,True,True
quant_swap,provider_fault,1.0,per_tenant,True,True
quant_swap,provider_fault,1.0,ours,True,True
quant_swap,provider_fault,1.0,ours_shift_flag,False,True
quant_swap,provider_fault,1.0,ours_input,True,True
quant_swap,provider_fault,1.0,pooled,True,True
quant_swap,provider_fault,1.0,per_tenant,True,True
quant_swap,provider_fault,1.0,ours,True,True
quant_swap,provider_fault,1.0,ours_shift_flag,False,True
quant_swap,provider_fault,1.0,ours_input,True,True
quant_swap,provider_fault,1.0,pooled,True,True
quant_swap,provider_fault,1.0,per_tenant,True,True
quant_swap,provider_fault,1.0,ours,True,True
quant_swap,provider_fault,1.0,ours_shift_flag,False,True
quant_swap,provider_fault,1.0,ours_input,True,True
quant_swap,provider_fault,1.0,pooled,True,True
quant_swap,provider_fault,1.0,per_tenant,True,True
quant_swap,provider_fault,1.0,ours,True,True
quant_swap,provider_fault,1.0,ours_shift_flag,False,True
quant_swap,provider_fault,1.0,ours_input,True,True
quant_swap,provider_fault,1.0,pooled,True,True
quant_swap,provider_fault,1.0,per_tenant,True,True
quant_swap,provider_fault,1.0,ours,True,True
quant_swap,provider_fault,1.0,ours_shift_flag,False,True
quant_swap,provider_fault,1.0,ours_input,True,True
quant_swap,provider_fault,1.0,pooled,True,True
quant_swap,provider_fault,1.0,per_tenant,True,True
quant_swap,provider_fault,1.0,ours,True,True
quant_swap,provider_fault,1.0,ours_shift_flag,False,True
quant_swap,provider_fault,1.0,ours_input,True,True
quant_swap,provider_fault,1.0,pooled,True,True
quant_swap,provider_fault,1.0,per_tenant,True,True
quant_swap,provider_fault,1.0,ours,True,True
quant_swap,provider_fault,1.0,ours_shift_flag,False,True
quant_swap,provider_fault,1.0,ours_input,True,True
quant_swap,provider_fault,1.0,pooled,True,True
quant_swap,provider_fault,1.0,per_tenant,True,True
quant_swap,provider_fault,1.0,ours,True,True
quant_swap,provider_fault,1.0,ours_shift_flag,False,True
quant_swap,provider_fault,1.0,ours_input,True,True
quant_swap,provider_fault,1.0,pooled,True,True
quant_swap,provider_fault,1.0,per_tenant,True,True
quant_swap,provider_fault,1.0,ours,True,True
quant_swap,provider_fault,1.0,ours_shift_flag,False,True
quant_swap,provider_fault,1.0,ours_input,True,True
quant_swap,provider_fault,1.0,pooled,True,True
quant_swap,provider_fault,1.0,per_tenant,True,True
quant_swap,provider_fault,1.0,ours,True,True
quant_swap,provider_fault,1.0,ours_shift_flag,False,True
quant_swap,provider_fault,1.0,ours_input,True,True
quant_swap,provider_fault,1.0,pooled,True,True
quant_swap,provider_fault,1.0,per_tenant,True,True
quant_swap,provider_fault,1.0,ours,True,True
quant_swap,provider_fault,1.0,ours_shift_flag,False,True
quant_swap,provider_fault,1.0,ours_input,True,True
quant_swap,provider_fault,1.0,pooled,True,True
quant_swap,provider_fault,1.0,per_tenant,True,True
quant_swap,provider_fault,1.0,ours,True,True
quant_swap,provider_fault,1.0,ours_shift_flag,False,True
quant_swap,provider_fault,1.0,ours_input,True,True
quant_swap,provider_fault,1.0,pooled,True,True
quant_swap,provider_fault,1.0,per_tenant,True,True
quant_swap,provider_fault,1.0,ours,True,True
quant_swap,provider_fault,1.0,ours_shift_flag,False,True
quant_swap,provider_fault,1.0,ours_input,True,True
quant_swap,provider_fault,1.0,pooled,True,True
quant_swap,provider_fault,1.0,per_tenant,True,True
quant_swap,provider_fault,1.0,ours,True,True
quant_swap,provider_fault,1.0,ours_shift_flag,False,True
quant_swap,provider_fault,1.0,ours_input,True,True
quant_swap,provider_fault,1.0,pooled,True,True
quant_swap,provider_fault,1.0,per_tenant,True,True
quant_swap,provider_fault,1.0,ours,True,True
quant_swap,provider_fault,1.0,ours_shift_flag,False,True
quant_swap,provider_fault,1.0,ours_input,True,True
quant_swap,provider_fault,1.0,pooled,True,True
quant_swap,provider_fault,1.0,per_tenant,True,True
quant_swap,provider_fault,1.0,ours,True,True
quant_swap,provider_fault,1.0,ours_shift_flag,False,True
quant_swap,provider_fault,1.0,ours_input,True,True
quant_swap,provider_fault,1.0,pooled,True,True
quant_swap,provider_fault,1.0,per_tenant,True,True
quant_swap,provider_fault,1.0,ours,True,True
quant_swap,provider_fault,1.0,ours_shift_flag,False,True
quant_swap,provider_fault,1.0,ours_input,True,True
quant_swap,provider_fault,1.0,pooled,True,True
quant_swap,provider_fault,1.0,per_tenant,True,True
quant_swap,provider_fault,1.0,ours,True,True
quant_swap,provider_fault,1.0,ours_shift_flag,False,True
quant_swap,provider_fault,1.0,ours_input,True,True
quant_swap,provider_fault,1.0,pooled,True,True
quant_swap,provider_fault,1.0,per_tenant,True,True
quant_swap,provider_fault,1.0,ours,True,True
quant_swap,provider_fault,1.0,ours_shift_flag,False,True
quant_swap,provider_fault,1.0,ours_input,True,True
quant_swap,provider_fault,1.0,pooled,True,True
quant_swap,provider_fault,1.0,per_tenant,True,True
quant_swap,provider_fault,1.0,ours,True,True
quant_swap,provider_fault,1.0,ours_shift_flag,False,True
quant_swap,provider_fault,1.0,ours_input,True,True
quant_swap,provider_fault,1.0,pooled,True,True
quant_swap,provider_fault,1.0,per_tenant,True,True
quant_swap,provider_fault,1.0,ours,True,True
quant_swap,provider_fault,1.0,ours_shift_flag,False,True
quant_swap,provider_fault,1.0,ours_input,True,True
quant_swap,provider_fault,1.0,pooled,True,True
quant_swap,provider_fault,1.0,per_tenant,True,True
quant_swap,provider_fault,1.0,ours,True,True
quant_swap,provider_fault,1.0,ours_shift_flag,False,True
quant_swap,provider_fault,1.0,ours_input,True,True
quant_swap,provider_fault,1.0,pooled,True,True
quant_swap,provider_fault,1.0,per_tenant,True,True
quant_swap,provider_fault,1.0,ours,True,True
quant_swap,provider_fault,1.0,ours_shift_flag,False,True
quant_swap,provider_fault,1.0,ours_input,True,True
quant_swap,provider_fault,1.0,pooled,True,True
quant_swap,provider_fault,1.0,per_tenant,True,True
quant_swap,provider_fault,1.0,ours,True,True
quant_swap,provider_fault,1.0,ours_shift_flag,False,True
quant_swap,provider_fault,1.0,ours_input,True,True
quant_swap,provider_fault,1.0,pooled,True,True
quant_swap,provider_fault,1.0,per_tenant,True,True
quant_swap,provider_fault,1.0,ours,True,True
quant_swap,provider_fault,1.0,ours_shift_flag,False,True
quant_swap,provider_fault,1.0,ours_input,True,True
quant_swap,provider_fault,1.0,pooled,True,True
quant_swap,provider_fault,1.0,per_tenant,True,True
quant_swap,provider_fault,1.0,ours,True,True
quant_swap,provider_fault,1.0,ours_shift_flag,False,True
quant_swap,provider_fault,1.0,ours_input,True,True
quant_swap,provider_fault,1.0,pooled,True,True
quant_swap,provider_fault,1.0,per_tenant,True,True
quant_swap,provider_fault,1.0,ours,True,True
quant_swap,provider_fault,1.0,ours_shift_flag,False,True
quant_swap,provider_fault,1.0,ours_input,True,True
quant_swap,provider_fault,1.0,pooled,True,True
quant_swap,provider_fault,1.0,per_tenant,True,True
quant_swap,provider_fault,1.0,ours,True,True
quant_swap,provider_fault,1.0,ours_shift_flag,False,True
quant_swap,provider_fault,1.0,ours_input,True,True
quant_swap,provider_fault,1.0,pooled,True,True
quant_swap,provider_fault,1.0,per_tenant,True,True
quant_swap,provider_fault,1.0,ours,True,True
quant_swap,provider_fault,1.0,ours_shift_flag,False,True
quant_swap,provider_fault,1.0,ours_input,True,True
quant_swap,provider_fault,1.0,pooled,True,True
quant_swap,provider_fault,1.0,per_tenant,True,True
quant_swap,provider_fault,1.0,ours,True,True
quant_swap,provider_fault,1.0,ours_shift_flag,False,True
quant_swap,provider_fault,1.0,ours_input,True,True
quant_swap,provider_fault,1.0,pooled,True,True
quant_swap,provider_fault,1.0,per_tenant,True,True
quant_swap,provider_fault,1.0,ours,True,True
quant_swap,provider_fault,1.0,ours_shift_flag,False,True
quant_swap,provider_fault,1.0,ours_input,True,True
quant_swap,provider_fault,1.0,pooled,True,True
quant_swap,provider_fault,1.0,per_tenant,True,True
quant_swap,provider_fault,1.0,ours,True,True
quant_swap,provider_fault,1.0,ours_shift_flag,False,True
quant_swap,provider_fault,1.0,ours_input,True,True
quant_swap,provider_fault,1.0,pooled,True,True
quant_swap,provider_fault,1.0,per_tenant,True,True
quant_swap,provider_fault,1.0,ours,True,True
quant_swap,provider_fault,1.0,ours_shift_flag,False,True
quant_swap,provider_fault,1.0,ours_input,True,True
quant_swap,provider_fault,1.0,pooled,True,True
quant_swap,provider_fault,1.0,per_tenant,True,True
quant_swap,provider_fault,1.0,ours,True,True
quant_swap,provider_fault,1.0,ours_shift_flag,False,True
quant_swap,provider_fault,1.0,ours_input,True,True
quant_swap,provider_fault,1.0,pooled,True,True
quant_swap,provider_fault,1.0,per_tenant,True,True
quant_swap,provider_fault,1.0,ours,True,True
quant_swap,provider_fault,1.0,ours_shift_flag,False,True
quant_swap,provider_fault,1.0,ours_input,True,True
quant_swap,provider_fault,1.0,pooled,True,True
quant_swap,provider_fault,1.0,per_tenant,True,True
quant_swap,provider_fault,1.0,ours,True,True
quant_swap,provider_fault,1.0,ours_shift_flag,False,True
quant_swap,provider_fault,1.0,ours_input,True,True
quant_swap,provider_fault,1.0,pooled,True,True
quant_swap,provider_fault,1.0,per_tenant,True,True
quant_swap,provider_fault,1.0,ours,True,True
quant_swap,provider_fault,1.0,ours_shift_flag,False,True
quant_swap,provider_fault,1.0,ours_input,True,True
quant_swap,provider_fault,1.0,pooled,True,True
quant_swap,provider_fault,1.0,per_tenant,True,True
quant_swap,provider_fault,1.0,ours,True,True
quant_swap,provider_fault,1.0,ours_shift_flag,False,True
quant_swap,provider_fault,1.0,ours_input,True,True
quant_swap,provider_fault,1.0,pooled,True,True
quant_swap,provider_fault,1.0,per_tenant,True,True
quant_swap,provider_fault,1.0,ours,True,True
quant_swap,provider_fault,1.0,ours_shift_flag,False,True
quant_swap,provider_fault,1.0,ours_input,True,True
quant_swap,provider_fault,1.0,pooled,True,True
quant_swap,provider_fault,1.0,per_tenant,True,True
quant_swap,provider_fault,1.0,ours,True,True
quant_swap,provider_fault,1.0,ours_shift_flag,False,True
quant_swap,provider_fault,1.0,ours_input,True,True
quant_swap,provider_fault,1.0,pooled,True,True
quant_swap,provider_fault,1.0,per_tenant,True,True
quant_swap,provider_fault,1.0,ours,True,True
quant_swap,provider_fault,1.0,ours_shift_flag,False,True
quant_swap,provider_fault,1.0,ours_input,True,True
quant_swap,provider_fault,1.0,pooled,True,True
quant_swap,provider_fault,1.0,per_tenant,True,True
quant_swap,provider_fault,1.0,ours,True,True
quant_swap,provider_fault,1.0,ours_shift_flag,False,True
quant_swap,provider_fault,1.0,ours_input,True,True
quant_swap,provider_fault,1.0,pooled,True,True
quant_swap,provider_fault,1.0,per_tenant,True,True
quant_swap,provider_fault,1.0,ours,True,True
quant_swap,provider_fault,1.0,ours_shift_flag,False,True
quant_swap,provider_fault,1.0,ours_input,True,True
quant_swap,provider_fault,1.0,pooled,True,True
quant_swap,provider_fault,1.0,per_tenant,True,True
quant_swap,provider_fault,1.0,ours,True,True
quant_swap,provider_fault,1.0,ours_shift_flag,False,True
quant_swap,provider_fault,1.0,ours_input,True,True
quant_swap,provider_fault,1.0,pooled,True,True
quant_swap,provider_fault,1.0,per_tenant,True,True
quant_swap,provider_fault,1.0,ours,True,True
quant_swap,provider_fault,1.0,ours_shift_flag,False,True
quant_swap,provider_fault,1.0,ours_input,True,True
quant_swap,provider_fault,1.0,pooled,True,True
quant_swap,provider_fault,1.0,per_tenant,True,True
quant_swap,provider_fault,1.0,ours,True,True
quant_swap,provider_fault,1.0,ours_shift_flag,False,True
quant_swap,provider_fault,1.0,ours_input,True,True
quant_swap,provider_fault,1.0,pooled,True,True
quant_swap,provider_fault,1.0,per_tenant,True,True
quant_swap,provider_fault,1.0,ours,True,True
quant_swap,provider_fault,1.0,ours_shift_flag,False,True
quant_swap,provider_fault,1.0,ours_input,True,True
quant_swap,traffic_shift,1.0,pooled,True,False
quant_swap,traffic_shift,1.0,per_tenant,True,False
quant_swap,traffic_shift,1.0,ours,True,False
quant_swap,traffic_shift,1.0,ours_shift_flag,True,True
quant_swap,traffic_shift,1.0,ours_input,False,True
quant_swap,traffic_shift,1.0,pooled,True,False
quant_swap,traffic_shift,1.0,per_tenant,True,False
quant_swap,traffic_shift,1.0,ours,True,False
quant_swap,traffic_shift,1.0,ours_shift_flag,True,True
quant_swap,traffic_shift,1.0,ours_input,False,True
quant_swap,traffic_shift,1.0,pooled,True,False
quant_swap,traffic_shift,1.0,per_tenant,True,False
quant_swap,traffic_shift,1.0,ours,True,False
quant_swap,traffic_shift,1.0,ours_shift_flag,True,True
quant_swap,traffic_shift,1.0,ours_input,False,True
quant_swap,traffic_shift,1.0,pooled,True,False
quant_swap,traffic_shift,1.0,per_tenant,True,False
quant_swap,traffic_shift,1.0,ours,True,False
quant_swap,traffic_shift,1.0,ours_shift_flag,True,True
quant_swap,traffic_shift,1.0,ours_input,False,True
quant_swap,traffic_shift,1.0,pooled,True,False
quant_swap,traffic_shift,1.0,per_tenant,True,False
quant_swap,traffic_shift,1.0,ours,True,False
quant_swap,traffic_shift,1.0,ours_shift_flag,True,True
quant_swap,traffic_shift,1.0,ours_input,False,True
quant_swap,traffic_shift,1.0,pooled,True,False
quant_swap,traffic_shift,1.0,per_tenant,True,False
quant_swap,traffic_shift,1.0,ours,True,False
quant_swap,traffic_shift,1.0,ours_shift_flag,True,True
quant_swap,traffic_shift,1.0,ours_input,False,True
quant_swap,traffic_shift,1.0,pooled,True,False
quant_swap,traffic_shift,1.0,per_tenant,True,False
quant_swap,traffic_shift,1.0,ours,True,False
quant_swap,traffic_shift,1.0,ours_shift_flag,True,True
quant_swap,traffic_shift,1.0,ours_input,False,True
quant_swap,traffic_shift,1.0,pooled,True,False
quant_swap,traffic_shift,1.0,per_tenant,True,False
quant_swap,traffic_shift,1.0,ours,True,False
quant_swap,traffic_shift,1.0,ours_shift_flag,True,True
quant_swap,traffic_shift,1.0,ours_input,False,True
quant_swap,traffic_shift,1.0,pooled,True,False
quant_swap,traffic_shift,1.0,per_tenant,True,False
quant_swap,traffic_shift,1.0,ours,True,False
quant_swap,traffic_shift,1.0,ours_shift_flag,True,True
quant_swap,traffic_shift,1.0,ours_input,False,True
quant_swap,traffic_shift,1.0,pooled,True,False
quant_swap,traffic_shift,1.0,per_tenant,True,False
quant_swap,traffic_shift,1.0,ours,True,False
quant_swap,traffic_shift,1.0,ours_shift_flag,True,True
quant_swap,traffic_shift,1.0,ours_input,False,True
quant_swap,traffic_shift,1.0,pooled,True,False
quant_swap,traffic_shift,1.0,per_tenant,True,False
quant_swap,traffic_shift,1.0,ours,True,False
quant_swap,traffic_shift,1.0,ours_shift_flag,True,True
quant_swap,traffic_shift,1.0,ours_input,False,True
quant_swap,traffic_shift,1.0,pooled,True,False
quant_swap,traffic_shift,1.0,per_tenant,True,False
quant_swap,traffic_shift,1.0,ours,True,False
quant_swap,traffic_shift,1.0,ours_shift_flag,True,True
quant_swap,traffic_shift,1.0,ours_input,False,True
quant_swap,traffic_shift,1.0,pooled,True,False
quant_swap,traffic_shift,1.0,per_tenant,True,False
quant_swap,traffic_shift,1.0,ours,True,False
quant_swap,traffic_shift,1.0,ours_shift_flag,True,True
quant_swap,traffic_shift,1.0,ours_input,False,True
quant_swap,traffic_shift,1.0,pooled,True,False
quant_swap,traffic_shift,1.0,per_tenant,True,False
quant_swap,traffic_shift,1.0,ours,True,False
quant_swap,traffic_shift,1.0,ours_shift_flag,True,True
quant_swap,traffic_shift,1.0,ours_input,False,True
quant_swap,traffic_shift,1.0,pooled,True,False
quant_swap,traffic_shift,1.0,per_tenant,True,False
quant_swap,traffic_shift,1.0,ours,True,False
quant_swap,traffic_shift,1.0,ours_shift_flag,True,True
quant_swap,traffic_shift,1.0,ours_input,False,True
quant_swap,traffic_shift,1.0,pooled,True,False
quant_swap,traffic_shift,1.0,per_tenant,True,False
quant_swap,traffic_shift,1.0,ours,True,False
quant_swap,traffic_shift,1.0,ours_shift_flag,True,True
quant_swap,traffic_shift,1.0,ours_input,False,True
quant_swap,traffic_shift,1.0,pooled,True,False
quant_swap,traffic_shift,1.0,per_tenant,True,False
quant_swap,traffic_shift,1.0,ours,True,False
quant_swap,traffic_shift,1.0,ours_shift_flag,True,True
quant_swap,traffic_shift,1.0,ours_input,False,True
quant_swap,traffic_shift,1.0,pooled,True,False
quant_swap,traffic_shift,1.0,per_tenant,True,False
quant_swap,traffic_shift,1.0,ours,True,False
quant_swap,traffic_shift,1.0,ours_shift_flag,True,True
quant_swap,traffic_shift,1.0,ours_input,False,True
quant_swap,traffic_shift,1.0,pooled,True,False
quant_swap,traffic_shift,1.0,per_tenant,True,False
quant_swap,traffic_shift,1.0,ours,True,False
quant_swap,traffic_shift,1.0,ours_shift_flag,True,True
quant_swap,traffic_shift,1.0,ours_input,False,True
quant_swap,traffic_shift,1.0,pooled,True,False
quant_swap,traffic_shift,1.0,per_tenant,True,False
quant_swap,traffic_shift,1.0,ours,True,False
quant_swap,traffic_shift,1.0,ours_shift_flag,True,True
quant_swap,traffic_shift,1.0,ours_input,False,True
quant_swap,traffic_shift,1.0,pooled,True,False
quant_swap,traffic_shift,1.0,per_tenant,True,False
quant_swap,traffic_shift,1.0,ours,True,False
quant_swap,traffic_shift,1.0,ours_shift_flag,True,True
quant_swap,traffic_shift,1.0,ours_input,False,True
quant_swap,traffic_shift,1.0,pooled,True,False
quant_swap,traffic_shift,1.0,per_tenant,True,False
quant_swap,traffic_shift,1.0,ours,True,False
quant_swap,traffic_shift,1.0,ours_shift_flag,True,True
quant_swap,traffic_shift,1.0,ours_input,False,True
quant_swap,traffic_shift,1.0,pooled,True,False
quant_swap,traffic_shift,1.0,per_tenant,True,False
quant_swap,traffic_shift,1.0,ours,True,False
quant_swap,traffic_shift,1.0,ours_shift_flag,True,True
quant_swap,traffic_shift,1.0,ours_input,False,True
quant_swap,traffic_shift,1.0,pooled,True,False
quant_swap,traffic_shift,1.0,per_tenant,True,False
quant_swap,traffic_shift,1.0,ours,True,False
quant_swap,traffic_shift,1.0,ours_shift_flag,True,True
quant_swap,traffic_shift,1.0,ours_input,False,True
quant_swap,traffic_shift,1.0,pooled,True,False
quant_swap,traffic_shift,1.0,per_tenant,True,False
quant_swap,traffic_shift,1.0,ours,True,False
quant_swap,traffic_shift,1.0,ours_shift_flag,True,True
quant_swap,traffic_shift,1.0,ours_input,False,True
quant_swap,traffic_shift,1.0,pooled,True,False
quant_swap,traffic_shift,1.0,per_tenant,True,False
quant_swap,traffic_shift,1.0,ours,True,False
quant_swap,traffic_shift,1.0,ours_shift_flag,True,True
quant_swap,traffic_shift,1.0,ours_input,False,True
quant_swap,traffic_shift,1.0,pooled,True,False
quant_swap,traffic_shift,1.0,per_tenant,True,False
quant_swap,traffic_shift,1.0,ours,True,False
quant_swap,traffic_shift,1.0,ours_shift_flag,True,True
quant_swap,traffic_shift,1.0,ours_input,False,True
quant_swap,traffic_shift,1.0,pooled,True,False
quant_swap,traffic_shift,1.0,per_tenant,True,False
quant_swap,traffic_shift,1.0,ours,True,False
quant_swap,traffic_shift,1.0,ours_shift_flag,True,True
quant_swap,traffic_shift,1.0,ours_input,False,True
quant_swap,traffic_shift,1.0,pooled,True,False
quant_swap,traffic_shift,1.0,per_tenant,True,False
quant_swap,traffic_shift,1.0,ours,True,False
quant_swap,traffic_shift,1.0,ours_shift_flag,True,True
quant_swap,traffic_shift,1.0,ours_input,False,True
quant_swap,traffic_shift,1.0,pooled,True,False
quant_swap,traffic_shift,1.0,per_tenant,True,False
quant_swap,traffic_shift,1.0,ours,True,False
quant_swap,traffic_shift,1.0,ours_shift_flag,True,True
quant_swap,traffic_shift,1.0,ours_input,False,True
quant_swap,traffic_shift,1.0,pooled,True,False
quant_swap,traffic_shift,1.0,per_tenant,True,False
quant_swap,traffic_shift,1.0,ours,True,False
quant_swap,traffic_shift,1.0,ours_shift_flag,True,True
quant_swap,traffic_shift,1.0,ours_input,False,True
quant_swap,traffic_shift,1.0,pooled,True,False
quant_swap,traffic_shift,1.0,per_tenant,True,False
quant_swap,traffic_shift,1.0,ours,True,False
quant_swap,traffic_shift,1.0,ours_shift_flag,True,True
quant_swap,traffic_shift,1.0,ours_input,False,True
quant_swap,traffic_shift,1.0,pooled,True,False
quant_swap,traffic_shift,1.0,per_tenant,True,False
quant_swap,traffic_shift,1.0,ours,True,False
quant_swap,traffic_shift,1.0,ours_shift_flag,True,True
quant_swap,traffic_shift,1.0,ours_input,False,True
quant_swap,traffic_shift,1.0,pooled,True,False
quant_swap,traffic_shift,1.0,per_tenant,True,False
quant_swap,traffic_shift,1.0,ours,True,False
quant_swap,traffic_shift,1.0,ours_shift_flag,True,True
quant_swap,traffic_shift,1.0,ours_input,False,True
quant_swap,traffic_shift,1.0,pooled,True,False
quant_swap,traffic_shift,1.0,per_tenant,True,False
quant_swap,traffic_shift,1.0,ours,True,False
quant_swap,traffic_shift,1.0,ours_shift_flag,True,True
quant_swap,traffic_shift,1.0,ours_input,False,True
quant_swap,traffic_shift,1.0,pooled,True,False
quant_swap,traffic_shift,1.0,per_tenant,True,False
quant_swap,traffic_shift,1.0,ours,True,False
quant_swap,traffic_shift,1.0,ours_shift_flag,True,True
quant_swap,traffic_shift,1.0,ours_input,False,True
quant_swap,traffic_shift,1.0,pooled,True,False
quant_swap,traffic_shift,1.0,per_tenant,True,False
quant_swap,traffic_shift,1.0,ours,True,False
quant_swap,traffic_shift,1.0,ours_shift_flag,True,True
quant_swap,traffic_shift,1.0,ours_input,False,True
quant_swap,traffic_shift,1.0,pooled,True,False
quant_swap,traffic_shift,1.0,per_tenant,True,False
quant_swap,traffic_shift,1.0,ours,True,False
quant_swap,traffic_shift,1.0,ours_shift_flag,True,True
quant_swap,traffic_shift,1.0,ours_input,False,True
quant_swap,traffic_shift,1.0,pooled,True,False
quant_swap,traffic_shift,1.0,per_tenant,True,False
quant_swap,traffic_shift,1.0,ours,True,False
quant_swap,traffic_shift,1.0,ours_shift_flag,True,True
quant_swap,traffic_shift,1.0,ours_input,False,True
quant_swap,traffic_shift,1.0,pooled,True,False
quant_swap,traffic_shift,1.0,per_tenant,True,False
quant_swap,traffic_shift,1.0,ours,True,False
quant_swap,traffic_shift,1.0,ours_shift_flag,True,True
quant_swap,traffic_shift,1.0,ours_input,False,True
quant_swap,traffic_shift,1.0,pooled,True,False
quant_swap,traffic_shift,1.0,per_tenant,True,False
quant_swap,traffic_shift,1.0,ours,True,False
quant_swap,traffic_shift,1.0,ours_shift_flag,True,True
quant_swap,traffic_shift,1.0,ours_input,False,True
quant_swap,traffic_shift,1.0,pooled,True,False
quant_swap,traffic_shift,1.0,per_tenant,True,False
quant_swap,traffic_shift,1.0,ours,True,False
quant_swap,traffic_shift,1.0,ours_shift_flag,True,True
quant_swap,traffic_shift,1.0,ours_input,False,True
quant_swap,traffic_shift,1.0,pooled,True,False
quant_swap,traffic_shift,1.0,per_tenant,True,False
quant_swap,traffic_shift,1.0,ours,True,False
quant_swap,traffic_shift,1.0,ours_shift_flag,True,True
quant_swap,traffic_shift,1.0,ours_input,False,True
quant_swap,traffic_shift,1.0,pooled,True,False
quant_swap,traffic_shift,1.0,per_tenant,True,False
quant_swap,traffic_shift,1.0,ours,True,False
quant_swap,traffic_shift,1.0,ours_shift_flag,True,True
quant_swap,traffic_shift,1.0,ours_input,False,True
quant_swap,traffic_shift,1.0,pooled,True,False
quant_swap,traffic_shift,1.0,per_tenant,True,False
quant_swap,traffic_shift,1.0,ours,True,False
quant_swap,traffic_shift,1.0,ours_shift_flag,True,True
quant_swap,traffic_shift,1.0,ours_input,False,True
quant_swap,traffic_shift,1.0,pooled,True,False
quant_swap,traffic_shift,1.0,per_tenant,True,False
quant_swap,traffic_shift,1.0,ours,True,False
quant_swap,traffic_shift,1.0,ours_shift_flag,True,True
quant_swap,traffic_shift,1.0,ours_input,False,True
quant_swap,traffic_shift,1.0,pooled,True,False
quant_swap,traffic_shift,1.0,per_tenant,True,False
quant_swap,traffic_shift,1.0,ours,True,False
quant_swap,traffic_shift,1.0,ours_shift_flag,True,True
quant_swap,traffic_shift,1.0,ours_input,False,True
quant_swap,traffic_shift,1.0,pooled,True,False
quant_swap,traffic_shift,1.0,per_tenant,True,False
quant_swap,traffic_shift,1.0,ours,True,False
quant_swap,traffic_shift,1.0,ours_shift_flag,True,True
quant_swap,traffic_shift,1.0,ours_input,False,True
quant_swap,traffic_shift,1.0,pooled,True,False
quant_swap,traffic_shift,1.0,per_tenant,True,False
quant_swap,traffic_shift,1.0,ours,True,False
quant_swap,traffic_shift,1.0,ours_shift_flag,True,True
quant_swap,traffic_shift,1.0,ours_input,False,True
quant_swap,traffic_shift,1.0,pooled,True,False
quant_swap,traffic_shift,1.0,per_tenant,True,False
quant_swap,traffic_shift,1.0,ours,True,False
quant_swap,traffic_shift,1.0,ours_shift_flag,True,True
quant_swap,traffic_shift,1.0,ours_input,False,True
quant_swap,traffic_shift,1.0,pooled,True,False
quant_swap,traffic_shift,1.0,per_tenant,True,False
quant_swap,traffic_shift,1.0,ours,True,False
quant_swap,traffic_shift,1.0,ours_shift_flag,True,True
quant_swap,traffic_shift,1.0,ours_input,False,True
quant_swap,traffic_shift,1.0,pooled,True,False
quant_swap,traffic_shift,1.0,per_tenant,True,False
quant_swap,traffic_shift,1.0,ours,True,False
quant_swap,traffic_shift,1.0,ours_shift_flag,True,True
quant_swap,traffic_shift,1.0,ours_input,False,True
quant_swap,traffic_shift,1.0,pooled,True,False
quant_swap,traffic_shift,1.0,per_tenant,True,False
quant_swap,traffic_shift,1.0,ours,True,False
quant_swap,traffic_shift,1.0,ours_shift_flag,True,True
quant_swap,traffic_shift,1.0,ours_input,False,True
quant_swap,traffic_shift,1.0,pooled,True,False
quant_swap,traffic_shift,1.0,per_tenant,True,False
quant_swap,traffic_shift,1.0,ours,True,False
quant_swap,traffic_shift,1.0,ours_shift_flag,True,True
quant_swap,traffic_shift,1.0,ours_input,False,True
quant_swap,traffic_shift,1.0,pooled,True,False
quant_swap,traffic_shift,1.0,per_tenant,True,False
quant_swap,traffic_shift,1.0,ours,True,False
quant_swap,traffic_shift,1.0,ours_shift_flag,True,True
quant_swap,traffic_shift,1.0,ours_input,False,True
quant_swap,traffic_shift,1.0,pooled,True,False
quant_swap,traffic_shift,1.0,per_tenant,True,False
quant_swap,traffic_shift,1.0,ours,True,False
quant_swap,traffic_shift,1.0,ours_shift_flag,True,True
quant_swap,traffic_shift,1.0,ours_input,False,True
quant_swap,traffic_shift,1.0,pooled,True,False
quant_swap,traffic_shift,1.0,per_tenant,True,False
quant_swap,traffic_shift,1.0,ours,True,False
quant_swap,traffic_shift,1.0,ours_shift_flag,True,True
quant_swap,traffic_shift,1.0,ours_input,False,True
quant_swap,traffic_shift,1.0,pooled,True,False
quant_swap,traffic_shift,1.0,per_tenant,True,False
quant_swap,traffic_shift,1.0,ours,True,False
quant_swap,traffic_shift,1.0,ours_shift_flag,True,True
quant_swap,traffic_shift,1.0,ours_input,False,True
quant_swap,traffic_shift,1.0,pooled,True,False
quant_swap,traffic_shift,1.0,per_tenant,True,False
quant_swap,traffic_shift,1.0,ours,True,False
quant_swap,traffic_shift,1.0,ours_shift_flag,True,True
quant_swap,traffic_shift,1.0,ours_input,False,True
quant_swap,traffic_shift,1.0,pooled,True,False
quant_swap,traffic_shift,1.0,per_tenant,True,False
quant_swap,traffic_shift,1.0,ours,True,False
quant_swap,traffic_shift,1.0,ours_shift_flag,True,True
quant_swap,traffic_shift,1.0,ours_input,False,True
quant_swap,both,1.0,pooled,True,True
quant_swap,both,1.0,per_tenant,True,True
quant_swap,both,1.0,ours,True,True
quant_swap,both,1.0,ours_shift_flag,True,True
quant_swap,both,1.0,ours_input,True,True
quant_swap,both,1.0,pooled,True,True
quant_swap,both,1.0,per_tenant,True,True
quant_swap,both,1.0,ours,True,True
quant_swap,both,1.0,ours_shift_flag,True,True
quant_swap,both,1.0,ours_input,True,True
quant_swap,both,1.0,pooled,True,True
quant_swap,both,1.0,per_tenant,True,True
quant_swap,both,1.0,ours,True,True
quant_swap,both,1.0,ours_shift_flag,True,True
quant_swap,both,1.0,ours_input,True,True
quant_swap,both,1.0,pooled,True,True
quant_swap,both,1.0,per_tenant,True,True
quant_swap,both,1.0,ours,True,True
quant_swap,both,1.0,ours_shift_flag,True,True
quant_swap,both,1.0,ours_input,True,True
quant_swap,both,1.0,pooled,True,True
quant_swap,both,1.0,per_tenant,True,True
quant_swap,both,1.0,ours,True,True
quant_swap,both,1.0,ours_shift_flag,True,True
quant_swap,both,1.0,ours_input,True,True
quant_swap,both,1.0,pooled,True,True
quant_swap,both,1.0,per_tenant,True,True
quant_swap,both,1.0,ours,True,True
quant_swap,both,1.0,ours_shift_flag,True,True
quant_swap,both,1.0,ours_input,True,True
quant_swap,both,1.0,pooled,True,True
quant_swap,both,1.0,per_tenant,True,True
quant_swap,both,1.0,ours,True,True
quant_swap,both,1.0,ours_shift_flag,True,True
quant_swap,both,1.0,ours_input,True,True
quant_swap,both,1.0,pooled,True,True
quant_swap,both,1.0,per_tenant,True,True
quant_swap,both,1.0,ours,True,True
quant_swap,both,1.0,ours_shift_flag,True,True
quant_swap,both,1.0,ours_input,True,True
quant_swap,both,1.0,pooled,True,True
quant_swap,both,1.0,per_tenant,True,True
quant_swap,both,1.0,ours,True,True
quant_swap,both,1.0,ours_shift_flag,True,True
quant_swap,both,1.0,ours_input,True,True
quant_swap,both,1.0,pooled,True,True
quant_swap,both,1.0,per_tenant,True,True
quant_swap,both,1.0,ours,True,True
quant_swap,both,1.0,ours_shift_flag,True,True
quant_swap,both,1.0,ours_input,True,True
quant_swap,both,1.0,pooled,True,True
quant_swap,both,1.0,per_tenant,True,True
quant_swap,both,1.0,ours,True,True
quant_swap,both,1.0,ours_shift_flag,True,True
quant_swap,both,1.0,ours_input,True,True
quant_swap,both,1.0,pooled,True,True
quant_swap,both,1.0,per_tenant,True,True
quant_swap,both,1.0,ours,True,True
quant_swap,both,1.0,ours_shift_flag,True,True
quant_swap,both,1.0,ours_input,True,True
quant_swap,both,1.0,pooled,True,True
quant_swap,both,1.0,per_tenant,True,True
quant_swap,both,1.0,ours,True,True
quant_swap,both,1.0,ours_shift_flag,True,True
quant_swap,both,1.0,ours_input,True,True
quant_swap,both,1.0,pooled,True,True
quant_swap,both,1.0,per_tenant,True,True
quant_swap,both,1.0,ours,True,True
quant_swap,both,1.0,ours_shift_flag,True,True
quant_swap,both,1.0,ours_input,True,True
quant_swap,both,1.0,pooled,True,True
quant_swap,both,1.0,per_tenant,True,True
quant_swap,both,1.0,ours,True,True
quant_swap,both,1.0,ours_shift_flag,True,True
quant_swap,both,1.0,ours_input,True,True
quant_swap,both,1.0,pooled,True,True
quant_swap,both,1.0,per_tenant,True,True
quant_swap,both,1.0,ours,True,True
quant_swap,both,1.0,ours_shift_flag,True,True
quant_swap,both,1.0,ours_input,True,True
quant_swap,both,1.0,pooled,True,True
quant_swap,both,1.0,per_tenant,True,True
quant_swap,both,1.0,ours,True,True
quant_swap,both,1.0,ours_shift_flag,True,True
quant_swap,both,1.0,ours_input,True,True
quant_swap,both,1.0,pooled,True,True
quant_swap,both,1.0,per_tenant,True,True
quant_swap,both,1.0,ours,True,True
quant_swap,both,1.0,ours_shift_flag,True,True
quant_swap,both,1.0,ours_input,True,True
quant_swap,both,1.0,pooled,True,True
quant_swap,both,1.0,per_tenant,True,True
quant_swap,both,1.0,ours,True,True
quant_swap,both,1.0,ours_shift_flag,True,True
quant_swap,both,1.0,ours_input,True,True
quant_swap,both,1.0,pooled,True,True
quant_swap,both,1.0,per_tenant,True,True
quant_swap,both,1.0,ours,True,True
quant_swap,both,1.0,ours_shift_flag,True,True
quant_swap,both,1.0,ours_input,True,True
quant_swap,both,1.0,pooled,True,True
quant_swap,both,1.0,per_tenant,True,True
quant_swap,both,1.0,ours,True,True
quant_swap,both,1.0,ours_shift_flag,True,True
quant_swap,both,1.0,ours_input,True,True
quant_swap,both,1.0,pooled,True,True
quant_swap,both,1.0,per_tenant,True,True
quant_swap,both,1.0,ours,True,True
quant_swap,both,1.0,ours_shift_flag,True,True
quant_swap,both,1.0,ours_input,True,True
quant_swap,both,1.0,pooled,True,True
quant_swap,both,1.0,per_tenant,True,True
quant_swap,both,1.0,ours,True,True
quant_swap,both,1.0,ours_shift_flag,True,True
quant_swap,both,1.0,ours_input,True,True
quant_swap,both,1.0,pooled,True,True
quant_swap,both,1.0,per_tenant,True,True
quant_swap,both,1.0,ours,True,True
quant_swap,both,1.0,ours_shift_flag,True,True
quant_swap,both,1.0,ours_input,True,True
quant_swap,both,1.0,pooled,True,True
quant_swap,both,1.0,per_tenant,True,True
quant_swap,both,1.0,ours,True,True
quant_swap,both,1.0,ours_shift_flag,True,True
quant_swap,both,1.0,ours_input,True,True
quant_swap,both,1.0,pooled,True,True
quant_swap,both,1.0,per_tenant,True,True
quant_swap,both,1.0,ours,True,True
quant_swap,both,1.0,ours_shift_flag,True,True
quant_swap,both,1.0,ours_input,True,True
quant_swap,both,1.0,pooled,True,True
quant_swap,both,1.0,per_tenant,True,True
quant_swap,both,1.0,ours,True,True
quant_swap,both,1.0,ours_shift_flag,True,True
quant_swap,both,1.0,ours_input,True,True
quant_swap,both,1.0,pooled,True,True
quant_swap,both,1.0,per_tenant,True,True
quant_swap,both,1.0,ours,True,True
quant_swap,both,1.0,ours_shift_flag,True,True
quant_swap,both,1.0,ours_input,True,True
quant_swap,both,1.0,pooled,True,True
quant_swap,both,1.0,per_tenant,True,True
quant_swap,both,1.0,ours,True,True
quant_swap,both,1.0,ours_shift_flag,True,True
quant_swap,both,1.0,ours_input,True,True
quant_swap,both,1.0,pooled,True,True
quant_swap,both,1.0,per_tenant,True,True
quant_swap,both,1.0,ours,True,True
quant_swap,both,1.0,ours_shift_flag,True,True
quant_swap,both,1.0,ours_input,True,True
quant_swap,both,1.0,pooled,True,True
quant_swap,both,1.0,per_tenant,True,True
quant_swap,both,1.0,ours,True,True
quant_swap,both,1.0,ours_shift_flag,True,True
quant_swap,both,1.0,ours_input,True,True
quant_swap,both,1.0,pooled,True,True
quant_swap,both,1.0,per_tenant,True,True
quant_swap,both,1.0,ours,True,True
quant_swap,both,1.0,ours_shift_flag,True,True
quant_swap,both,1.0,ours_input,True,True
quant_swap,both,1.0,pooled,True,True
quant_swap,both,1.0,per_tenant,True,True
quant_swap,both,1.0,ours,True,True
quant_swap,both,1.0,ours_shift_flag,True,True
quant_swap,both,1.0,ours_input,True,True
quant_swap,both,1.0,pooled,True,True
quant_swap,both,1.0,per_tenant,True,True
quant_swap,both,1.0,ours,True,True
quant_swap,both,1.0,ours_shift_flag,True,True
quant_swap,both,1.0,ours_input,True,True
quant_swap,both,1.0,pooled,True,True
quant_swap,both,1.0,per_tenant,True,True
quant_swap,both,1.0,ours,True,True
quant_swap,both,1.0,ours_shift_flag,True,True
quant_swap,both,1.0,ours_input,True,True
quant_swap,both,1.0,pooled,True,True
quant_swap,both,1.0,per_tenant,True,True
quant_swap,both,1.0,ours,True,True
quant_swap,both,1.0,ours_shift_flag,True,True
quant_swap,both,1.0,ours_input,True,True
quant_swap,both,1.0,pooled,True,True
quant_swap,both,1.0,per_tenant,True,True
quant_swap,both,1.0,ours,True,True
quant_swap,both,1.0,ours_shift_flag,True,True
quant_swap,both,1.0,ours_input,True,True
quant_swap,both,1.0,pooled,True,True
quant_swap,both,1.0,per_tenant,True,True
quant_swap,both,1.0,ours,True,True
quant_swap,both,1.0,ours_shift_flag,True,True
quant_swap,both,1.0,ours_input,True,True
quant_swap,both,1.0,pooled,True,True
quant_swap,both,1.0,per_tenant,True,True
quant_swap,both,1.0,ours,True,True
quant_swap,both,1.0,ours_shift_flag,True,True
quant_swap,both,1.0,ours_input,True,True
quant_swap,both,1.0,pooled,True,True
quant_swap,both,1.0,per_tenant,True,True
quant_swap,both,1.0,ours,True,True
quant_swap,both,1.0,ours_shift_flag,True,True
quant_swap,both,1.0,ours_input,True,True
quant_swap,both,1.0,pooled,True,True
quant_swap,both,1.0,per_tenant,True,True
quant_swap,both,1.0,ours,True,True
quant_swap,both,1.0,ours_shift_flag,True,True
quant_swap,both,1.0,ours_input,True,True
quant_swap,both,1.0,pooled,True,True
quant_swap,both,1.0,per_tenant,True,True
quant_swap,both,1.0,ours,True,True
quant_swap,both,1.0,ours_shift_flag,True,True
quant_swap,both,1.0,ours_input,True,True
quant_swap,both,1.0,pooled,True,True
quant_swap,both,1.0,per_tenant,True,True
quant_swap,both,1.0,ours,True,True
quant_swap,both,1.0,ours_shift_flag,True,True
quant_swap,both,1.0,ours_input,True,True
quant_swap,both,1.0,pooled,True,True
quant_swap,both,1.0,per_tenant,True,True
quant_swap,both,1.0,ours,True,True
quant_swap,both,1.0,ours_shift_flag,True,True
quant_swap,both,1.0,ours_input,True,True
quant_swap,both,1.0,pooled,True,True
quant_swap,both,1.0,per_tenant,True,True
quant_swap,both,1.0,ours,True,True
quant_swap,both,1.0,ours_shift_flag,True,True
quant_swap,both,1.0,ours_input,True,True
quant_swap,both,1.0,pooled,True,True
quant_swap,both,1.0,per_tenant,True,True
quant_swap,both,1.0,ours,True,True
quant_swap,both,1.0,ours_shift_flag,True,True
quant_swap,both,1.0,ours_input,True,True
quant_swap,both,1.0,pooled,True,True
quant_swap,both,1.0,per_tenant,True,True
quant_swap,both,1.0,ours,True,True
quant_swap,both,1.0,ours_shift_flag,True,True
quant_swap,both,1.0,ours_input,True,True
quant_swap,both,1.0,pooled,True,True
quant_swap,both,1.0,per_tenant,True,True
quant_swap,both,1.0,ours,True,True
quant_swap,both,1.0,ours_shift_flag,True,True
quant_swap,both,1.0,ours_input,True,True
quant_swap,both,1.0,pooled,True,True
quant_swap,both,1.0,per_tenant,True,True
quant_swap,both,1.0,ours,True,True
quant_swap,both,1.0,ours_shift_flag,True,True
quant_swap,both,1.0,ours_input,True,True
quant_swap,both,1.0,pooled,True,True
quant_swap,both,1.0,per_tenant,True,True
quant_swap,both,1.0,ours,True,True
quant_swap,both,1.0,ours_shift_flag,True,True
quant_swap,both,1.0,ours_input,True,True
quant_swap,both,1.0,pooled,True,True
quant_swap,both,1.0,per_tenant,True,True
quant_swap,both,1.0,ours,True,True
quant_swap,both,1.0,ours_shift_flag,True,True
quant_swap,both,1.0,ours_input,True,True
quant_swap,both,1.0,pooled,True,True
quant_swap,both,1.0,per_tenant,True,True
quant_swap,both,1.0,ours,True,True
quant_swap,both,1.0,ours_shift_flag,True,True
quant_swap,both,1.0,ours_input,True,True
quant_swap,both,1.0,pooled,True,True
quant_swap,both,1.0,per_tenant,True,True
quant_swap,both,1.0,ours,True,True
quant_swap,both,1.0,ours_shift_flag,True,True
quant_swap,both,1.0,ours_input,True,True
quant_swap,both,1.0,pooled,True,True
quant_swap,both,1.0,per_tenant,True,True
quant_swap,both,1.0,ours,True,True
quant_swap,both,1.0,ours_shift_flag,True,True
quant_swap,both,1.0,ours_input,True,True
quant_swap,both,1.0,pooled,True,True
quant_swap,both,1.0,per_tenant,True,True
quant_swap,both,1.0,ours,True,True
quant_swap,both,1.0,ours_shift_flag,True,True
quant_swap,both,1.0,ours_input,True,True
quant_swap,both,1.0,pooled,True,True
quant_swap,both,1.0,per_tenant,True,True
quant_swap,both,1.0,ours,True,True
quant_swap,both,1.0,ours_shift_flag,True,True
quant_swap,both,1.0,ours_input,True,True
quant_swap,both,1.0,pooled,True,True
quant_swap,both,1.0,per_tenant,True,True
quant_swap,both,1.0,ours,True,True
quant_swap,both,1.0,ours_shift_flag,True,True
quant_swap,both,1.0,ours_input,True,True
quant_swap,both,1.0,pooled,True,True
quant_swap,both,1.0,per_tenant,True,True
quant_swap,both,1.0,ours,True,True
quant_swap,both,1.0,ours_shift_flag,True,True
quant_swap,both,1.0,ours_input,True,True
quant_swap,both,1.0,pooled,True,True
quant_swap,both,1.0,per_tenant,True,True
quant_swap,both,1.0,ours,True,True
quant_swap,both,1.0,ours_shift_flag,True,True
quant_swap,both,1.0,ours_input,True,True
quant_swap,both,1.0,pooled,True,True
quant_swap,both,1.0,per_tenant,True,True
quant_swap,both,1.0,ours,True,True
quant_swap,both,1.0,ours_shift_flag,True,True
quant_swap,both,1.0,ours_input,True,True
model_substitution,none,0.3,pooled,False,True
model_substitution,none,0.3,per_tenant,False,True
model_substitution,none,0.3,ours,False,True
model_substitution,none,0.3,ours_shift_flag,False,True
model_substitution,none,0.3,ours_input,False,True
model_substitution,none,0.3,pooled,False,True
model_substitution,none,0.3,per_tenant,False,True
model_substitution,none,0.3,ours,False,True
model_substitution,none,0.3,ours_shift_flag,False,True
model_substitution,none,0.3,ours_input,False,True
model_substitution,none,0.3,pooled,False,True
model_substitution,none,0.3,per_tenant,False,True
model_substitution,none,0.3,ours,False,True
model_substitution,none,0.3,ours_shift_flag,False,True
model_substitution,none,0.3,ours_input,False,True
model_substitution,none,0.3,pooled,False,True
model_substitution,none,0.3,per_tenant,False,True
model_substitution,none,0.3,ours,False,True
model_substitution,none,0.3,ours_shift_flag,False,True
model_substitution,none,0.3,ours_input,False,True
model_substitution,none,0.3,pooled,False,True
model_substitution,none,0.3,per_tenant,False,True
model_substitution,none,0.3,ours,False,True
model_substitution,none,0.3,ours_shift_flag,False,True
model_substitution,none,0.3,ours_input,False,True
model_substitution,none,0.3,pooled,False,True
model_substitution,none,0.3,per_tenant,False,True
model_substitution,none,0.3,ours,False,True
model_substitution,none,0.3,ours_shift_flag,False,True
model_substitution,none,0.3,ours_input,False,True
model_substitution,none,0.3,pooled,False,True
model_substitution,none,0.3,per_tenant,False,True
model_substitution,none,0.3,ours,False,True
model_substitution,none,0.3,ours_shift_flag,False,True
model_substitution,none,0.3,ours_input,False,True
model_substitution,none,0.3,pooled,False,True
model_substitution,none,0.3,per_tenant,False,True
model_substitution,none,0.3,ours,False,True
model_substitution,none,0.3,ours_shift_flag,False,True
model_substitution,none,0.3,ours_input,False,True
model_substitution,none,0.3,pooled,False,True
model_substitution,none,0.3,per_tenant,False,True
model_substitution,none,0.3,ours,False,True
model_substitution,none,0.3,ours_shift_flag,False,True
model_substitution,none,0.3,ours_input,False,True
model_substitution,none,0.3,pooled,False,True
model_substitution,none,0.3,per_tenant,False,True
model_substitution,none,0.3,ours,False,True
model_substitution,none,0.3,ours_shift_flag,False,True
model_substitution,none,0.3,ours_input,False,True
model_substitution,none,0.3,pooled,False,True
model_substitution,none,0.3,per_tenant,False,True
model_substitution,none,0.3,ours,False,True
model_substitution,none,0.3,ours_shift_flag,False,True
model_substitution,none,0.3,ours_input,False,True
model_substitution,none,0.3,pooled,False,True
model_substitution,none,0.3,per_tenant,False,True
model_substitution,none,0.3,ours,False,True
model_substitution,none,0.3,ours_shift_flag,False,True
model_substitution,none,0.3,ours_input,False,True
model_substitution,none,0.3,pooled,False,True
model_substitution,none,0.3,per_tenant,False,True
model_substitution,none,0.3,ours,False,True
model_substitution,none,0.3,ours_shift_flag,False,True
model_substitution,none,0.3,ours_input,False,True
model_substitution,none,0.3,pooled,False,True
model_substitution,none,0.3,per_tenant,False,True
model_substitution,none,0.3,ours,False,True
model_substitution,none,0.3,ours_shift_flag,False,True
model_substitution,none,0.3,ours_input,False,True
model_substitution,none,0.3,pooled,False,True
model_substitution,none,0.3,per_tenant,False,True
model_substitution,none,0.3,ours,False,True
model_substitution,none,0.3,ours_shift_flag,False,True
model_substitution,none,0.3,ours_input,False,True
model_substitution,none,0.3,pooled,False,True
model_substitution,none,0.3,per_tenant,False,True
model_substitution,none,0.3,ours,False,True
model_substitution,none,0.3,ours_shift_flag,False,True
model_substitution,none,0.3,ours_input,False,True
model_substitution,none,0.3,pooled,False,True
model_substitution,none,0.3,per_tenant,False,True
model_substitution,none,0.3,ours,False,True
model_substitution,none,0.3,ours_shift_flag,False,True
model_substitution,none,0.3,ours_input,False,True
model_substitution,none,0.3,pooled,False,True
model_substitution,none,0.3,per_tenant,False,True
model_substitution,none,0.3,ours,False,True
model_substitution,none,0.3,ours_shift_flag,False,True
model_substitution,none,0.3,ours_input,False,True
model_substitution,none,0.3,pooled,False,True
model_substitution,none,0.3,per_tenant,False,True
model_substitution,none,0.3,ours,False,True
model_substitution,none,0.3,ours_shift_flag,False,True
model_substitution,none,0.3,ours_input,False,True
model_substitution,none,0.3,pooled,False,True
model_substitution,none,0.3,per_tenant,False,True
model_substitution,none,0.3,ours,False,True
model_substitution,none,0.3,ours_shift_flag,False,True
model_substitution,none,0.3,ours_input,False,True
model_substitution,none,0.3,pooled,False,True
model_substitution,none,0.3,per_tenant,False,True
model_substitution,none,0.3,ours,False,True
model_substitution,none,0.3,ours_shift_flag,False,True
model_substitution,none,0.3,ours_input,False,True
model_substitution,none,0.3,pooled,False,True
model_substitution,none,0.3,per_tenant,False,True
model_substitution,none,0.3,ours,False,True
model_substitution,none,0.3,ours_shift_flag,False,True
model_substitution,none,0.3,ours_input,False,True
model_substitution,none,0.3,pooled,False,True
model_substitution,none,0.3,per_tenant,False,True
model_substitution,none,0.3,ours,False,True
model_substitution,none,0.3,ours_shift_flag,False,True
model_substitution,none,0.3,ours_input,False,True
model_substitution,none,0.3,pooled,False,True
model_substitution,none,0.3,per_tenant,False,True
model_substitution,none,0.3,ours,False,True
model_substitution,none,0.3,ours_shift_flag,False,True
model_substitution,none,0.3,ours_input,False,True
model_substitution,none,0.3,pooled,False,True
model_substitution,none,0.3,per_tenant,False,True
model_substitution,none,0.3,ours,False,True
model_substitution,none,0.3,ours_shift_flag,False,True
model_substitution,none,0.3,ours_input,False,True
model_substitution,none,0.3,pooled,False,True
model_substitution,none,0.3,per_tenant,False,True
model_substitution,none,0.3,ours,False,True
model_substitution,none,0.3,ours_shift_flag,False,True
model_substitution,none,0.3,ours_input,False,True
model_substitution,none,0.3,pooled,False,True
model_substitution,none,0.3,per_tenant,False,True
model_substitution,none,0.3,ours,False,True
model_substitution,none,0.3,ours_shift_flag,False,True
model_substitution,none,0.3,ours_input,False,True
model_substitution,none,0.3,pooled,False,True
model_substitution,none,0.3,per_tenant,False,True
model_substitution,none,0.3,ours,False,True
model_substitution,none,0.3,ours_shift_flag,False,True
model_substitution,none,0.3,ours_input,False,True
model_substitution,none,0.3,pooled,False,True
model_substitution,none,0.3,per_tenant,False,True
model_substitution,none,0.3,ours,False,True
model_substitution,none,0.3,ours_shift_flag,False,True
model_substitution,none,0.3,ours_input,False,True
model_substitution,none,0.3,pooled,False,True
model_substitution,none,0.3,per_tenant,False,True
model_substitution,none,0.3,ours,False,True
model_substitution,none,0.3,ours_shift_flag,False,True
model_substitution,none,0.3,ours_input,False,True
model_substitution,none,0.3,pooled,False,True
model_substitution,none,0.3,per_tenant,False,True
model_substitution,none,0.3,ours,False,True
model_substitution,none,0.3,ours_shift_flag,False,True
model_substitution,none,0.3,ours_input,False,True
model_substitution,none,0.3,pooled,False,True
model_substitution,none,0.3,per_tenant,False,True
model_substitution,none,0.3,ours,False,True
model_substitution,none,0.3,ours_shift_flag,False,True
model_substitution,none,0.3,ours_input,False,True
model_substitution,none,0.3,pooled,False,True
model_substitution,none,0.3,per_tenant,False,True
model_substitution,none,0.3,ours,False,True
model_substitution,none,0.3,ours_shift_flag,False,True
model_substitution,none,0.3,ours_input,False,True
model_substitution,none,0.3,pooled,False,True
model_substitution,none,0.3,per_tenant,False,True
model_substitution,none,0.3,ours,False,True
model_substitution,none,0.3,ours_shift_flag,False,True
model_substitution,none,0.3,ours_input,False,True
model_substitution,none,0.3,pooled,False,True
model_substitution,none,0.3,per_tenant,False,True
model_substitution,none,0.3,ours,False,True
model_substitution,none,0.3,ours_shift_flag,False,True
model_substitution,none,0.3,ours_input,False,True
model_substitution,none,0.3,pooled,False,True
model_substitution,none,0.3,per_tenant,False,True
model_substitution,none,0.3,ours,False,True
model_substitution,none,0.3,ours_shift_flag,False,True
model_substitution,none,0.3,ours_input,False,True
model_substitution,none,0.3,pooled,False,True
model_substitution,none,0.3,per_tenant,False,True
model_substitution,none,0.3,ours,False,True
model_substitution,none,0.3,ours_shift_flag,False,True
model_substitution,none,0.3,ours_input,False,True
model_substitution,none,0.3,pooled,False,True
model_substitution,none,0.3,per_tenant,False,True
model_substitution,none,0.3,ours,False,True
model_substitution,none,0.3,ours_shift_flag,False,True
model_substitution,none,0.3,ours_input,False,True
model_substitution,none,0.3,pooled,False,True
model_substitution,none,0.3,per_tenant,False,True
model_substitution,none,0.3,ours,False,True
model_substitution,none,0.3,ours_shift_flag,False,True
model_substitution,none,0.3,ours_input,False,True
model_substitution,none,0.3,pooled,False,True
model_substitution,none,0.3,per_tenant,False,True
model_substitution,none,0.3,ours,False,True
model_substitution,none,0.3,ours_shift_flag,False,True
model_substitution,none,0.3,ours_input,False,True
model_substitution,none,0.3,pooled,False,True
model_substitution,none,0.3,per_tenant,False,True
model_substitution,none,0.3,ours,False,True
model_substitution,none,0.3,ours_shift_flag,False,True
model_substitution,none,0.3,ours_input,False,True
model_substitution,none,0.3,pooled,False,True
model_substitution,none,0.3,per_tenant,False,True
model_substitution,none,0.3,ours,False,True
model_substitution,none,0.3,ours_shift_flag,False,True
model_substitution,none,0.3,ours_input,False,True
model_substitution,none,0.3,pooled,False,True
model_substitution,none,0.3,per_tenant,False,True
model_substitution,none,0.3,ours,False,True
model_substitution,none,0.3,ours_shift_flag,False,True
model_substitution,none,0.3,ours_input,False,True
model_substitution,none,0.3,pooled,False,True
model_substitution,none,0.3,per_tenant,False,True
model_substitution,none,0.3,ours,False,True
model_substitution,none,0.3,ours_shift_flag,False,True
model_substitution,none,0.3,ours_input,False,True
model_substitution,none,0.3,pooled,False,True
model_substitution,none,0.3,per_tenant,False,True
model_substitution,none,0.3,ours,False,True
model_substitution,none,0.3,ours_shift_flag,False,True
model_substitution,none,0.3,ours_input,False,True
model_substitution,none,0.3,pooled,False,True
model_substitution,none,0.3,per_tenant,False,True
model_substitution,none,0.3,ours,False,True
model_substitution,none,0.3,ours_shift_flag,False,True
model_substitution,none,0.3,ours_input,False,True
model_substitution,none,0.3,pooled,False,True
model_substitution,none,0.3,per_tenant,False,True
model_substitution,none,0.3,ours,False,True
model_substitution,none,0.3,ours_shift_flag,False,True
model_substitution,none,0.3,ours_input,False,True
model_substitution,none,0.3,pooled,False,True
model_substitution,none,0.3,per_tenant,False,True
model_substitution,none,0.3,ours,False,True
model_substitution,none,0.3,ours_shift_flag,False,True
model_substitution,none,0.3,ours_input,False,True
model_substitution,none,0.3,pooled,False,True
model_substitution,none,0.3,per_tenant,False,True
model_substitution,none,0.3,ours,False,True
model_substitution,none,0.3,ours_shift_flag,False,True
model_substitution,none,0.3,ours_input,False,True
model_substitution,none,0.3,pooled,False,True
model_substitution,none,0.3,per_tenant,False,True
model_substitution,none,0.3,ours,False,True
model_substitution,none,0.3,ours_shift_flag,False,True
model_substitution,none,0.3,ours_input,False,True
model_substitution,none,0.3,pooled,False,True
model_substitution,none,0.3,per_tenant,False,True
model_substitution,none,0.3,ours,False,True
model_substitution,none,0.3,ours_shift_flag,False,True
model_substitution,none,0.3,ours_input,False,True
model_substitution,none,0.3,pooled,False,True
model_substitution,none,0.3,per_tenant,False,True
model_substitution,none,0.3,ours,False,True
model_substitution,none,0.3,ours_shift_flag,False,True
model_substitution,none,0.3,ours_input,False,True
model_substitution,none,0.3,pooled,False,True
model_substitution,none,0.3,per_tenant,False,True
model_substitution,none,0.3,ours,False,True
model_substitution,none,0.3,ours_shift_flag,False,True
model_substitution,none,0.3,ours_input,False,True
model_substitution,none,0.3,pooled,False,True
model_substitution,none,0.3,per_tenant,False,True
model_substitution,none,0.3,ours,False,True
model_substitution,none,0.3,ours_shift_flag,False,True
model_substitution,none,0.3,ours_input,False,True
model_substitution,none,0.3,pooled,False,True
model_substitution,none,0.3,per_tenant,False,True
model_substitution,none,0.3,ours,False,True
model_substitution,none,0.3,ours_shift_flag,False,True
model_substitution,none,0.3,ours_input,False,True
model_substitution,none,0.3,pooled,False,True
model_substitution,none,0.3,per_tenant,False,True
model_substitution,none,0.3,ours,False,True
model_substitution,none,0.3,ours_shift_flag,False,True
model_substitution,none,0.3,ours_input,False,True
model_substitution,none,0.3,pooled,False,True
model_substitution,none,0.3,per_tenant,False,True
model_substitution,none,0.3,ours,False,True
model_substitution,none,0.3,ours_shift_flag,False,True
model_substitution,none,0.3,ours_input,False,True
model_substitution,none,0.3,pooled,False,True
model_substitution,none,0.3,per_tenant,False,True
model_substitution,none,0.3,ours,False,True
model_substitution,none,0.3,ours_shift_flag,False,True
model_substitution,none,0.3,ours_input,False,True
model_substitution,none,0.3,pooled,False,True
model_substitution,none,0.3,per_tenant,False,True
model_substitution,none,0.3,ours,False,True
model_substitution,none,0.3,ours_shift_flag,False,True
model_substitution,none,0.3,ours_input,False,True
model_substitution,none,0.3,pooled,False,True
model_substitution,none,0.3,per_tenant,False,True
model_substitution,none,0.3,ours,False,True
model_substitution,none,0.3,ours_shift_flag,False,True
model_substitution,none,0.3,ours_input,False,True
model_substitution,provider_fault,0.3,pooled,False,False
model_substitution,provider_fault,0.3,per_tenant,True,True
model_substitution,provider_fault,0.3,ours,False,False
model_substitution,provider_fault,0.3,ours_shift_flag,False,True
model_substitution,provider_fault,0.3,ours_input,False,False
model_substitution,provider_fault,0.3,pooled,False,False
model_substitution,provider_fault,0.3,per_tenant,False,False
model_substitution,provider_fault,0.3,ours,False,False
model_substitution,provider_fault,0.3,ours_shift_flag,False,True
model_substitution,provider_fault,0.3,ours_input,False,False
model_substitution,provider_fault,0.3,pooled,False,False
model_substitution,provider_fault,0.3,per_tenant,False,False
model_substitution,provider_fault,0.3,ours,False,False
model_substitution,provider_fault,0.3,ours_shift_flag,False,True
model_substitution,provider_fault,0.3,ours_input,False,False
model_substitution,provider_fault,0.3,pooled,False,False
model_substitution,provider_fault,0.3,per_tenant,False,False
model_substitution,provider_fault,0.3,ours,False,False
model_substitution,provider_fault,0.3,ours_shift_flag,False,True
model_substitution,provider_fault,0.3,ours_input,False,False
model_substitution,provider_fault,0.3,pooled,False,False
model_substitution,provider_fault,0.3,per_tenant,False,False
model_substitution,provider_fault,0.3,ours,False,False
model_substitution,provider_fault,0.3,ours_shift_flag,False,True
model_substitution,provider_fault,0.3,ours_input,False,False
model_substitution,provider_fault,0.3,pooled,True,True
model_substitution,provider_fault,0.3,per_tenant,True,True
model_substitution,provider_fault,0.3,ours,True,True
model_substitution,provider_fault,0.3,ours_shift_flag,False,True
model_substitution,provider_fault,0.3,ours_input,True,True
model_substitution,provider_fault,0.3,pooled,False,False
model_substitution,provider_fault,0.3,per_tenant,False,False
model_substitution,provider_fault,0.3,ours,False,False
model_substitution,provider_fault,0.3,ours_shift_flag,False,True
model_substitution,provider_fault,0.3,ours_input,False,False
model_substitution,provider_fault,0.3,pooled,False,False
model_substitution,provider_fault,0.3,per_tenant,True,True
model_substitution,provider_fault,0.3,ours,False,False
model_substitution,provider_fault,0.3,ours_shift_flag,False,True
model_substitution,provider_fault,0.3,ours_input,False,False
model_substitution,provider_fault,0.3,pooled,False,False
model_substitution,provider_fault,0.3,per_tenant,False,False
model_substitution,provider_fault,0.3,ours,False,False
model_substitution,provider_fault,0.3,ours_shift_flag,False,True
model_substitution,provider_fault,0.3,ours_input,False,False
model_substitution,provider_fault,0.3,pooled,False,False
model_substitution,provider_fault,0.3,per_tenant,True,True
model_substitution,provider_fault,0.3,ours,False,False
model_substitution,provider_fault,0.3,ours_shift_flag,False,True
model_substitution,provider_fault,0.3,ours_input,False,False
model_substitution,provider_fault,0.3,pooled,False,False
model_substitution,provider_fault,0.3,per_tenant,True,True
model_substitution,provider_fault,0.3,ours,False,False
model_substitution,provider_fault,0.3,ours_shift_flag,False,True
model_substitution,provider_fault,0.3,ours_input,False,False
model_substitution,provider_fault,0.3,pooled,False,False
model_substitution,provider_fault,0.3,per_tenant,False,False
model_substitution,provider_fault,0.3,ours,False,False
model_substitution,provider_fault,0.3,ours_shift_flag,False,True
model_substitution,provider_fault,0.3,ours_input,False,False
model_substitution,provider_fault,0.3,pooled,False,False
model_substitution,provider_fault,0.3,per_tenant,True,True
model_substitution,provider_fault,0.3,ours,False,False
model_substitution,provider_fault,0.3,ours_shift_flag,False,True
model_substitution,provider_fault,0.3,ours_input,False,False
model_substitution,provider_fault,0.3,pooled,False,False
model_substitution,provider_fault,0.3,per_tenant,True,True
model_substitution,provider_fault,0.3,ours,False,False
model_substitution,provider_fault,0.3,ours_shift_flag,False,True
model_substitution,provider_fault,0.3,ours_input,False,False
model_substitution,provider_fault,0.3,pooled,False,False
model_substitution,provider_fault,0.3,per_tenant,True,True
model_substitution,provider_fault,0.3,ours,False,False
model_substitution,provider_fault,0.3,ours_shift_flag,False,True
model_substitution,provider_fault,0.3,ours_input,False,False
model_substitution,provider_fault,0.3,pooled,False,False
model_substitution,provider_fault,0.3,per_tenant,False,False
model_substitution,provider_fault,0.3,ours,False,False
model_substitution,provider_fault,0.3,ours_shift_flag,False,True
model_substitution,provider_fault,0.3,ours_input,False,False
model_substitution,provider_fault,0.3,pooled,True,True
model_substitution,provider_fault,0.3,per_tenant,True,True
model_substitution,provider_fault,0.3,ours,True,True
model_substitution,provider_fault,0.3,ours_shift_flag,False,True
model_substitution,provider_fault,0.3,ours_input,True,True
model_substitution,provider_fault,0.3,pooled,False,False
model_substitution,provider_fault,0.3,per_tenant,True,True
model_substitution,provider_fault,0.3,ours,False,False
model_substitution,provider_fault,0.3,ours_shift_flag,False,True
model_substitution,provider_fault,0.3,ours_input,False,False
model_substitution,provider_fault,0.3,pooled,False,False
model_substitution,provider_fault,0.3,per_tenant,True,True
model_substitution,provider_fault,0.3,ours,False,False
model_substitution,provider_fault,0.3,ours_shift_flag,False,True
model_substitution,provider_fault,0.3,ours_input,False,False
model_substitution,provider_fault,0.3,pooled,False,False
model_substitution,provider_fault,0.3,per_tenant,True,True
model_substitution,provider_fault,0.3,ours,False,False
model_substitution,provider_fault,0.3,ours_shift_flag,False,True
model_substitution,provider_fault,0.3,ours_input,False,False
model_substitution,provider_fault,0.3,pooled,False,False
model_substitution,provider_fault,0.3,per_tenant,True,True
model_substitution,provider_fault,0.3,ours,False,False
model_substitution,provider_fault,0.3,ours_shift_flag,False,True
model_substitution,provider_fault,0.3,ours_input,False,False
model_substitution,provider_fault,0.3,pooled,False,False
model_substitution,provider_fault,0.3,per_tenant,False,False
model_substitution,provider_fault,0.3,ours,False,False
model_substitution,provider_fault,0.3,ours_shift_flag,False,True
model_substitution,provider_fault,0.3,ours_input,False,False
model_substitution,provider_fault,0.3,pooled,False,False
model_substitution,provider_fault,0.3,per_tenant,True,True
model_substitution,provider_fault,0.3,ours,False,False
model_substitution,provider_fault,0.3,ours_shift_flag,False,True
model_substitution,provider_fault,0.3,ours_input,False,False
model_substitution,provider_fault,0.3,pooled,False,False
model_substitution,provider_fault,0.3,per_tenant,True,True
model_substitution,provider_fault,0.3,ours,False,False
model_substitution,provider_fault,0.3,ours_shift_flag,False,True
model_substitution,provider_fault,0.3,ours_input,False,False
model_substitution,provider_fault,0.3,pooled,False,False
model_substitution,provider_fault,0.3,per_tenant,True,True
model_substitution,provider_fault,0.3,ours,False,False
model_substitution,provider_fault,0.3,ours_shift_flag,False,True
model_substitution,provider_fault,0.3,ours_input,False,False
model_substitution,provider_fault,0.3,pooled,False,False
model_substitution,provider_fault,0.3,per_tenant,True,True
model_substitution,provider_fault,0.3,ours,False,False
model_substitution,provider_fault,0.3,ours_shift_flag,False,True
model_substitution,provider_fault,0.3,ours_input,False,False
model_substitution,provider_fault,0.3,pooled,False,False
model_substitution,provider_fault,0.3,per_tenant,False,False
model_substitution,provider_fault,0.3,ours,False,False
model_substitution,provider_fault,0.3,ours_shift_flag,False,True
model_substitution,provider_fault,0.3,ours_input,False,False
model_substitution,provider_fault,0.3,pooled,False,False
model_substitution,provider_fault,0.3,per_tenant,True,True
model_substitution,provider_fault,0.3,ours,False,False
model_substitution,provider_fault,0.3,ours_shift_flag,False,True
model_substitution,provider_fault,0.3,ours_input,False,False
model_substitution,provider_fault,0.3,pooled,False,False
model_substitution,provider_fault,0.3,per_tenant,True,True
model_substitution,provider_fault,0.3,ours,False,False
model_substitution,provider_fault,0.3,ours_shift_flag,False,True
model_substitution,provider_fault,0.3,ours_input,False,False
model_substitution,provider_fault,0.3,pooled,False,False
model_substitution,provider_fault,0.3,per_tenant,False,False
model_substitution,provider_fault,0.3,ours,False,False
model_substitution,provider_fault,0.3,ours_shift_flag,False,True
model_substitution,provider_fault,0.3,ours_input,False,False
model_substitution,provider_fault,0.3,pooled,False,False
model_substitution,provider_fault,0.3,per_tenant,True,True
model_substitution,provider_fault,0.3,ours,False,False
model_substitution,provider_fault,0.3,ours_shift_flag,False,True
model_substitution,provider_fault,0.3,ours_input,False,False
model_substitution,provider_fault,0.3,pooled,False,False
model_substitution,provider_fault,0.3,per_tenant,True,True
model_substitution,provider_fault,0.3,ours,False,False
model_substitution,provider_fault,0.3,ours_shift_flag,False,True
model_substitution,provider_fault,0.3,ours_input,False,False
model_substitution,provider_fault,0.3,pooled,False,False
model_substitution,provider_fault,0.3,per_tenant,False,False
model_substitution,provider_fault,0.3,ours,False,False
model_substitution,provider_fault,0.3,ours_shift_flag,False,True
model_substitution,provider_fault,0.3,ours_input,False,False
model_substitution,provider_fault,0.3,pooled,False,False
model_substitution,provider_fault,0.3,per_tenant,True,True
model_substitution,provider_fault,0.3,ours,False,False
model_substitution,provider_fault,0.3,ours_shift_flag,False,True
model_substitution,provider_fault,0.3,ours_input,False,False
model_substitution,provider_fault,0.3,pooled,False,False
model_substitution,provider_fault,0.3,per_tenant,False,False
model_substitution,provider_fault,0.3,ours,False,False
model_substitution,provider_fault,0.3,ours_shift_flag,False,True
model_substitution,provider_fault,0.3,ours_input,False,False
model_substitution,provider_fault,0.3,pooled,False,False
model_substitution,provider_fault,0.3,per_tenant,True,True
model_substitution,provider_fault,0.3,ours,False,False
model_substitution,provider_fault,0.3,ours_shift_flag,False,True
model_substitution,provider_fault,0.3,ours_input,False,False
model_substitution,provider_fault,0.3,pooled,False,False
model_substitution,provider_fault,0.3,per_tenant,True,True
model_substitution,provider_fault,0.3,ours,False,False
model_substitution,provider_fault,0.3,ours_shift_flag,False,True
model_substitution,provider_fault,0.3,ours_input,False,False
model_substitution,provider_fault,0.3,pooled,False,False
model_substitution,provider_fault,0.3,per_tenant,True,True
model_substitution,provider_fault,0.3,ours,False,False
model_substitution,provider_fault,0.3,ours_shift_flag,False,True
model_substitution,provider_fault,0.3,ours_input,False,False
model_substitution,provider_fault,0.3,pooled,False,False
model_substitution,provider_fault,0.3,per_tenant,False,False
model_substitution,provider_fault,0.3,ours,False,False
model_substitution,provider_fault,0.3,ours_shift_flag,False,True
model_substitution,provider_fault,0.3,ours_input,False,False
model_substitution,provider_fault,0.3,pooled,True,True
model_substitution,provider_fault,0.3,per_tenant,True,True
model_substitution,provider_fault,0.3,ours,True,True
model_substitution,provider_fault,0.3,ours_shift_flag,False,True
model_substitution,provider_fault,0.3,ours_input,True,True
model_substitution,provider_fault,0.3,pooled,False,False
model_substitution,provider_fault,0.3,per_tenant,False,False
model_substitution,provider_fault,0.3,ours,False,False
model_substitution,provider_fault,0.3,ours_shift_flag,False,True
model_substitution,provider_fault,0.3,ours_input,True,True
model_substitution,provider_fault,0.3,pooled,True,True
model_substitution,provider_fault,0.3,per_tenant,True,True
model_substitution,provider_fault,0.3,ours,True,True
model_substitution,provider_fault,0.3,ours_shift_flag,False,True
model_substitution,provider_fault,0.3,ours_input,True,True
model_substitution,provider_fault,0.3,pooled,False,False
model_substitution,provider_fault,0.3,per_tenant,True,True
model_substitution,provider_fault,0.3,ours,False,False
model_substitution,provider_fault,0.3,ours_shift_flag,False,True
model_substitution,provider_fault,0.3,ours_input,True,True
model_substitution,provider_fault,0.3,pooled,False,False
model_substitution,provider_fault,0.3,per_tenant,False,False
model_substitution,provider_fault,0.3,ours,False,False
model_substitution,provider_fault,0.3,ours_shift_flag,False,True
model_substitution,provider_fault,0.3,ours_input,False,False
model_substitution,provider_fault,0.3,pooled,False,False
model_substitution,provider_fault,0.3,per_tenant,True,True
model_substitution,provider_fault,0.3,ours,False,False
model_substitution,provider_fault,0.3,ours_shift_flag,False,True
model_substitution,provider_fault,0.3,ours_input,False,False
model_substitution,provider_fault,0.3,pooled,False,False
model_substitution,provider_fault,0.3,per_tenant,False,False
model_substitution,provider_fault,0.3,ours,False,False
model_substitution,provider_fault,0.3,ours_shift_flag,False,True
model_substitution,provider_fault,0.3,ours_input,False,False
model_substitution,provider_fault,0.3,pooled,False,False
model_substitution,provider_fault,0.3,per_tenant,False,False
model_substitution,provider_fault,0.3,ours,False,False
model_substitution,provider_fault,0.3,ours_shift_flag,False,True
model_substitution,provider_fault,0.3,ours_input,False,False
model_substitution,provider_fault,0.3,pooled,False,False
model_substitution,provider_fault,0.3,per_tenant,False,False
model_substitution,provider_fault,0.3,ours,False,False
model_substitution,provider_fault,0.3,ours_shift_flag,False,True
model_substitution,provider_fault,0.3,ours_input,False,False
model_substitution,provider_fault,0.3,pooled,True,True
model_substitution,provider_fault,0.3,per_tenant,False,False
model_substitution,provider_fault,0.3,ours,True,True
model_substitution,provider_fault,0.3,ours_shift_flag,False,True
model_substitution,provider_fault,0.3,ours_input,True,True
model_substitution,provider_fault,0.3,pooled,False,False
model_substitution,provider_fault,0.3,per_tenant,True,True
model_substitution,provider_fault,0.3,ours,False,False
model_substitution,provider_fault,0.3,ours_shift_flag,False,True
model_substitution,provider_fault,0.3,ours_input,False,False
model_substitution,provider_fault,0.3,pooled,False,False
model_substitution,provider_fault,0.3,per_tenant,True,True
model_substitution,provider_fault,0.3,ours,False,False
model_substitution,provider_fault,0.3,ours_shift_flag,False,True
model_substitution,provider_fault,0.3,ours_input,False,False
model_substitution,provider_fault,0.3,pooled,False,False
model_substitution,provider_fault,0.3,per_tenant,True,True
model_substitution,provider_fault,0.3,ours,False,False
model_substitution,provider_fault,0.3,ours_shift_flag,False,True
model_substitution,provider_fault,0.3,ours_input,False,False
model_substitution,provider_fault,0.3,pooled,False,False
model_substitution,provider_fault,0.3,per_tenant,False,False
model_substitution,provider_fault,0.3,ours,False,False
model_substitution,provider_fault,0.3,ours_shift_flag,False,True
model_substitution,provider_fault,0.3,ours_input,False,False
model_substitution,provider_fault,0.3,pooled,False,False
model_substitution,provider_fault,0.3,per_tenant,True,True
model_substitution,provider_fault,0.3,ours,False,False
model_substitution,provider_fault,0.3,ours_shift_flag,False,True
model_substitution,provider_fault,0.3,ours_input,False,False
model_substitution,provider_fault,0.3,pooled,False,False
model_substitution,provider_fault,0.3,per_tenant,True,True
model_substitution,provider_fault,0.3,ours,False,False
model_substitution,provider_fault,0.3,ours_shift_flag,False,True
model_substitution,provider_fault,0.3,ours_input,False,False
model_substitution,provider_fault,0.3,pooled,False,False
model_substitution,provider_fault,0.3,per_tenant,True,True
model_substitution,provider_fault,0.3,ours,False,False
model_substitution,provider_fault,0.3,ours_shift_flag,False,True
model_substitution,provider_fault,0.3,ours_input,False,False
model_substitution,provider_fault,0.3,pooled,False,False
model_substitution,provider_fault,0.3,per_tenant,False,False
model_substitution,provider_fault,0.3,ours,False,False
model_substitution,provider_fault,0.3,ours_shift_flag,False,True
model_substitution,provider_fault,0.3,ours_input,False,False
model_substitution,provider_fault,0.3,pooled,False,False
model_substitution,provider_fault,0.3,per_tenant,True,True
model_substitution,provider_fault,0.3,ours,False,False
model_substitution,provider_fault,0.3,ours_shift_flag,False,True
model_substitution,provider_fault,0.3,ours_input,False,False
model_substitution,provider_fault,0.3,pooled,False,False
model_substitution,provider_fault,0.3,per_tenant,False,False
model_substitution,provider_fault,0.3,ours,False,False
model_substitution,provider_fault,0.3,ours_shift_flag,False,True
model_substitution,provider_fault,0.3,ours_input,False,False
model_substitution,provider_fault,0.3,pooled,False,False
model_substitution,provider_fault,0.3,per_tenant,True,True
model_substitution,provider_fault,0.3,ours,False,False
model_substitution,provider_fault,0.3,ours_shift_flag,False,True
model_substitution,provider_fault,0.3,ours_input,False,False
model_substitution,traffic_shift,0.3,pooled,True,False
model_substitution,traffic_shift,0.3,per_tenant,True,False
model_substitution,traffic_shift,0.3,ours,True,False
model_substitution,traffic_shift,0.3,ours_shift_flag,True,True
model_substitution,traffic_shift,0.3,ours_input,False,True
model_substitution,traffic_shift,0.3,pooled,True,False
model_substitution,traffic_shift,0.3,per_tenant,True,False
model_substitution,traffic_shift,0.3,ours,True,False
model_substitution,traffic_shift,0.3,ours_shift_flag,True,True
model_substitution,traffic_shift,0.3,ours_input,False,True
model_substitution,traffic_shift,0.3,pooled,True,False
model_substitution,traffic_shift,0.3,per_tenant,True,False
model_substitution,traffic_shift,0.3,ours,True,False
model_substitution,traffic_shift,0.3,ours_shift_flag,True,True
model_substitution,traffic_shift,0.3,ours_input,False,True
model_substitution,traffic_shift,0.3,pooled,True,False
model_substitution,traffic_shift,0.3,per_tenant,True,False
model_substitution,traffic_shift,0.3,ours,True,False
model_substitution,traffic_shift,0.3,ours_shift_flag,True,True
model_substitution,traffic_shift,0.3,ours_input,False,True
model_substitution,traffic_shift,0.3,pooled,True,False
model_substitution,traffic_shift,0.3,per_tenant,True,False
model_substitution,traffic_shift,0.3,ours,True,False
model_substitution,traffic_shift,0.3,ours_shift_flag,True,True
model_substitution,traffic_shift,0.3,ours_input,False,True
model_substitution,traffic_shift,0.3,pooled,True,False
model_substitution,traffic_shift,0.3,per_tenant,True,False
model_substitution,traffic_shift,0.3,ours,True,False
model_substitution,traffic_shift,0.3,ours_shift_flag,True,True
model_substitution,traffic_shift,0.3,ours_input,False,True
model_substitution,traffic_shift,0.3,pooled,True,False
model_substitution,traffic_shift,0.3,per_tenant,True,False
model_substitution,traffic_shift,0.3,ours,True,False
model_substitution,traffic_shift,0.3,ours_shift_flag,True,True
model_substitution,traffic_shift,0.3,ours_input,False,True
model_substitution,traffic_shift,0.3,pooled,True,False
model_substitution,traffic_shift,0.3,per_tenant,True,False
model_substitution,traffic_shift,0.3,ours,True,False
model_substitution,traffic_shift,0.3,ours_shift_flag,True,True
model_substitution,traffic_shift,0.3,ours_input,False,True
model_substitution,traffic_shift,0.3,pooled,True,False
model_substitution,traffic_shift,0.3,per_tenant,True,False
model_substitution,traffic_shift,0.3,ours,True,False
model_substitution,traffic_shift,0.3,ours_shift_flag,True,True
model_substitution,traffic_shift,0.3,ours_input,False,True
model_substitution,traffic_shift,0.3,pooled,True,False
model_substitution,traffic_shift,0.3,per_tenant,True,False
model_substitution,traffic_shift,0.3,ours,True,False
model_substitution,traffic_shift,0.3,ours_shift_flag,True,True
model_substitution,traffic_shift,0.3,ours_input,False,True
model_substitution,traffic_shift,0.3,pooled,True,False
model_substitution,traffic_shift,0.3,per_tenant,True,False
model_substitution,traffic_shift,0.3,ours,True,False
model_substitution,traffic_shift,0.3,ours_shift_flag,True,True
model_substitution,traffic_shift,0.3,ours_input,False,True
model_substitution,traffic_shift,0.3,pooled,True,False
model_substitution,traffic_shift,0.3,per_tenant,True,False
model_substitution,traffic_shift,0.3,ours,True,False
model_substitution,traffic_shift,0.3,ours_shift_flag,True,True
model_substitution,traffic_shift,0.3,ours_input,False,True
model_substitution,traffic_shift,0.3,pooled,True,False
model_substitution,traffic_shift,0.3,per_tenant,True,False
model_substitution,traffic_shift,0.3,ours,True,False
model_substitution,traffic_shift,0.3,ours_shift_flag,True,True
model_substitution,traffic_shift,0.3,ours_input,False,True
model_substitution,traffic_shift,0.3,pooled,True,False
model_substitution,traffic_shift,0.3,per_tenant,True,False
model_substitution,traffic_shift,0.3,ours,True,False
model_substitution,traffic_shift,0.3,ours_shift_flag,True,True
model_substitution,traffic_shift,0.3,ours_input,False,True
model_substitution,traffic_shift,0.3,pooled,True,False
model_substitution,traffic_shift,0.3,per_tenant,True,False
model_substitution,traffic_shift,0.3,ours,True,False
model_substitution,traffic_shift,0.3,ours_shift_flag,True,True
model_substitution,traffic_shift,0.3,ours_input,False,True
model_substitution,traffic_shift,0.3,pooled,True,False
model_substitution,traffic_shift,0.3,per_tenant,True,False
model_substitution,traffic_shift,0.3,ours,True,False
model_substitution,traffic_shift,0.3,ours_shift_flag,True,True
model_substitution,traffic_shift,0.3,ours_input,False,True
model_substitution,traffic_shift,0.3,pooled,True,False
model_substitution,traffic_shift,0.3,per_tenant,True,False
model_substitution,traffic_shift,0.3,ours,True,False
model_substitution,traffic_shift,0.3,ours_shift_flag,True,True
model_substitution,traffic_shift,0.3,ours_input,False,True
model_substitution,traffic_shift,0.3,pooled,True,False
model_substitution,traffic_shift,0.3,per_tenant,True,False
model_substitution,traffic_shift,0.3,ours,True,False
model_substitution,traffic_shift,0.3,ours_shift_flag,True,True
model_substitution,traffic_shift,0.3,ours_input,False,True
model_substitution,traffic_shift,0.3,pooled,True,False
model_substitution,traffic_shift,0.3,per_tenant,True,False
model_substitution,traffic_shift,0.3,ours,True,False
model_substitution,traffic_shift,0.3,ours_shift_flag,True,True
model_substitution,traffic_shift,0.3,ours_input,False,True
model_substitution,traffic_shift,0.3,pooled,True,False
model_substitution,traffic_shift,0.3,per_tenant,True,False
model_substitution,traffic_shift,0.3,ours,True,False
model_substitution,traffic_shift,0.3,ours_shift_flag,True,True
model_substitution,traffic_shift,0.3,ours_input,False,True
model_substitution,traffic_shift,0.3,pooled,True,False
model_substitution,traffic_shift,0.3,per_tenant,True,False
model_substitution,traffic_shift,0.3,ours,True,False
model_substitution,traffic_shift,0.3,ours_shift_flag,True,True
model_substitution,traffic_shift,0.3,ours_input,False,True
model_substitution,traffic_shift,0.3,pooled,True,False
model_substitution,traffic_shift,0.3,per_tenant,True,False
model_substitution,traffic_shift,0.3,ours,True,False
model_substitution,traffic_shift,0.3,ours_shift_flag,True,True
model_substitution,traffic_shift,0.3,ours_input,False,True
model_substitution,traffic_shift,0.3,pooled,True,False
model_substitution,traffic_shift,0.3,per_tenant,True,False
model_substitution,traffic_shift,0.3,ours,True,False
model_substitution,traffic_shift,0.3,ours_shift_flag,True,True
model_substitution,traffic_shift,0.3,ours_input,False,True
model_substitution,traffic_shift,0.3,pooled,True,False
model_substitution,traffic_shift,0.3,per_tenant,True,False
model_substitution,traffic_shift,0.3,ours,True,False
model_substitution,traffic_shift,0.3,ours_shift_flag,True,True
model_substitution,traffic_shift,0.3,ours_input,False,True
model_substitution,traffic_shift,0.3,pooled,True,False
model_substitution,traffic_shift,0.3,per_tenant,True,False
model_substitution,traffic_shift,0.3,ours,True,False
model_substitution,traffic_shift,0.3,ours_shift_flag,True,True
model_substitution,traffic_shift,0.3,ours_input,False,True
model_substitution,traffic_shift,0.3,pooled,True,False
model_substitution,traffic_shift,0.3,per_tenant,True,False
model_substitution,traffic_shift,0.3,ours,True,False
model_substitution,traffic_shift,0.3,ours_shift_flag,True,True
model_substitution,traffic_shift,0.3,ours_input,False,True
model_substitution,traffic_shift,0.3,pooled,True,False
model_substitution,traffic_shift,0.3,per_tenant,True,False
model_substitution,traffic_shift,0.3,ours,True,False
model_substitution,traffic_shift,0.3,ours_shift_flag,True,True
model_substitution,traffic_shift,0.3,ours_input,False,True
model_substitution,traffic_shift,0.3,pooled,True,False
model_substitution,traffic_shift,0.3,per_tenant,True,False
model_substitution,traffic_shift,0.3,ours,True,False
model_substitution,traffic_shift,0.3,ours_shift_flag,True,True
model_substitution,traffic_shift,0.3,ours_input,False,True
model_substitution,traffic_shift,0.3,pooled,True,False
model_substitution,traffic_shift,0.3,per_tenant,True,False
model_substitution,traffic_shift,0.3,ours,True,False
model_substitution,traffic_shift,0.3,ours_shift_flag,True,True
model_substitution,traffic_shift,0.3,ours_input,False,True
model_substitution,traffic_shift,0.3,pooled,True,False
model_substitution,traffic_shift,0.3,per_tenant,True,False
model_substitution,traffic_shift,0.3,ours,True,False
model_substitution,traffic_shift,0.3,ours_shift_flag,True,True
model_substitution,traffic_shift,0.3,ours_input,False,True
model_substitution,traffic_shift,0.3,pooled,True,False
model_substitution,traffic_shift,0.3,per_tenant,True,False
model_substitution,traffic_shift,0.3,ours,True,False
model_substitution,traffic_shift,0.3,ours_shift_flag,True,True
model_substitution,traffic_shift,0.3,ours_input,False,True
model_substitution,traffic_shift,0.3,pooled,True,False
model_substitution,traffic_shift,0.3,per_tenant,True,False
model_substitution,traffic_shift,0.3,ours,False,True
model_substitution,traffic_shift,0.3,ours_shift_flag,True,True
model_substitution,traffic_shift,0.3,ours_input,False,True
model_substitution,traffic_shift,0.3,pooled,True,False
model_substitution,traffic_shift,0.3,per_tenant,True,False
model_substitution,traffic_shift,0.3,ours,True,False
model_substitution,traffic_shift,0.3,ours_shift_flag,True,True
model_substitution,traffic_shift,0.3,ours_input,False,True
model_substitution,traffic_shift,0.3,pooled,True,False
model_substitution,traffic_shift,0.3,per_tenant,True,False
model_substitution,traffic_shift,0.3,ours,True,False
model_substitution,traffic_shift,0.3,ours_shift_flag,True,True
model_substitution,traffic_shift,0.3,ours_input,False,True
model_substitution,traffic_shift,0.3,pooled,True,False
model_substitution,traffic_shift,0.3,per_tenant,True,False
model_substitution,traffic_shift,0.3,ours,True,False
model_substitution,traffic_shift,0.3,ours_shift_flag,True,True
model_substitution,traffic_shift,0.3,ours_input,False,True
model_substitution,traffic_shift,0.3,pooled,True,False
model_substitution,traffic_shift,0.3,per_tenant,True,False
model_substitution,traffic_shift,0.3,ours,True,False
model_substitution,traffic_shift,0.3,ours_shift_flag,True,True
model_substitution,traffic_shift,0.3,ours_input,False,True
model_substitution,traffic_shift,0.3,pooled,True,False
model_substitution,traffic_shift,0.3,per_tenant,True,False
model_substitution,traffic_shift,0.3,ours,True,False
model_substitution,traffic_shift,0.3,ours_shift_flag,True,True
model_substitution,traffic_shift,0.3,ours_input,False,True
model_substitution,traffic_shift,0.3,pooled,True,False
model_substitution,traffic_shift,0.3,per_tenant,True,False
model_substitution,traffic_shift,0.3,ours,True,False
model_substitution,traffic_shift,0.3,ours_shift_flag,True,True
model_substitution,traffic_shift,0.3,ours_input,False,True
model_substitution,traffic_shift,0.3,pooled,True,False
model_substitution,traffic_shift,0.3,per_tenant,True,False
model_substitution,traffic_shift,0.3,ours,True,False
model_substitution,traffic_shift,0.3,ours_shift_flag,True,True
model_substitution,traffic_shift,0.3,ours_input,False,True
model_substitution,traffic_shift,0.3,pooled,True,False
model_substitution,traffic_shift,0.3,per_tenant,True,False
model_substitution,traffic_shift,0.3,ours,True,False
model_substitution,traffic_shift,0.3,ours_shift_flag,True,True
model_substitution,traffic_shift,0.3,ours_input,False,True
model_substitution,traffic_shift,0.3,pooled,True,False
model_substitution,traffic_shift,0.3,per_tenant,True,False
model_substitution,traffic_shift,0.3,ours,True,False
model_substitution,traffic_shift,0.3,ours_shift_flag,True,True
model_substitution,traffic_shift,0.3,ours_input,False,True
model_substitution,traffic_shift,0.3,pooled,True,False
model_substitution,traffic_shift,0.3,per_tenant,True,False
model_substitution,traffic_shift,0.3,ours,True,False
model_substitution,traffic_shift,0.3,ours_shift_flag,True,True
model_substitution,traffic_shift,0.3,ours_input,False,True
model_substitution,traffic_shift,0.3,pooled,True,False
model_substitution,traffic_shift,0.3,per_tenant,True,False
model_substitution,traffic_shift,0.3,ours,True,False
model_substitution,traffic_shift,0.3,ours_shift_flag,True,True
model_substitution,traffic_shift,0.3,ours_input,False,True
model_substitution,traffic_shift,0.3,pooled,True,False
model_substitution,traffic_shift,0.3,per_tenant,True,False
model_substitution,traffic_shift,0.3,ours,True,False
model_substitution,traffic_shift,0.3,ours_shift_flag,True,True
model_substitution,traffic_shift,0.3,ours_input,False,True
model_substitution,traffic_shift,0.3,pooled,True,False
model_substitution,traffic_shift,0.3,per_tenant,True,False
model_substitution,traffic_shift,0.3,ours,True,False
model_substitution,traffic_shift,0.3,ours_shift_flag,True,True
model_substitution,traffic_shift,0.3,ours_input,False,True
model_substitution,traffic_shift,0.3,pooled,True,False
model_substitution,traffic_shift,0.3,per_tenant,True,False
model_substitution,traffic_shift,0.3,ours,True,False
model_substitution,traffic_shift,0.3,ours_shift_flag,True,True
model_substitution,traffic_shift,0.3,ours_input,False,True
model_substitution,traffic_shift,0.3,pooled,True,False
model_substitution,traffic_shift,0.3,per_tenant,True,False
model_substitution,traffic_shift,0.3,ours,True,False
model_substitution,traffic_shift,0.3,ours_shift_flag,True,True
model_substitution,traffic_shift,0.3,ours_input,False,True
model_substitution,traffic_shift,0.3,pooled,True,False
model_substitution,traffic_shift,0.3,per_tenant,True,False
model_substitution,traffic_shift,0.3,ours,True,False
model_substitution,traffic_shift,0.3,ours_shift_flag,True,True
model_substitution,traffic_shift,0.3,ours_input,False,True
model_substitution,traffic_shift,0.3,pooled,True,False
model_substitution,traffic_shift,0.3,per_tenant,True,False
model_substitution,traffic_shift,0.3,ours,True,False
model_substitution,traffic_shift,0.3,ours_shift_flag,True,True
model_substitution,traffic_shift,0.3,ours_input,False,True
model_substitution,traffic_shift,0.3,pooled,True,False
model_substitution,traffic_shift,0.3,per_tenant,True,False
model_substitution,traffic_shift,0.3,ours,True,False
model_substitution,traffic_shift,0.3,ours_shift_flag,True,True
model_substitution,traffic_shift,0.3,ours_input,False,True
model_substitution,traffic_shift,0.3,pooled,True,False
model_substitution,traffic_shift,0.3,per_tenant,True,False
model_substitution,traffic_shift,0.3,ours,True,False
model_substitution,traffic_shift,0.3,ours_shift_flag,True,True
model_substitution,traffic_shift,0.3,ours_input,False,True
model_substitution,traffic_shift,0.3,pooled,True,False
model_substitution,traffic_shift,0.3,per_tenant,True,False
model_substitution,traffic_shift,0.3,ours,True,False
model_substitution,traffic_shift,0.3,ours_shift_flag,True,True
model_substitution,traffic_shift,0.3,ours_input,False,True
model_substitution,traffic_shift,0.3,pooled,True,False
model_substitution,traffic_shift,0.3,per_tenant,True,False
model_substitution,traffic_shift,0.3,ours,True,False
model_substitution,traffic_shift,0.3,ours_shift_flag,True,True
model_substitution,traffic_shift,0.3,ours_input,False,True
model_substitution,traffic_shift,0.3,pooled,True,False
model_substitution,traffic_shift,0.3,per_tenant,True,False
model_substitution,traffic_shift,0.3,ours,True,False
model_substitution,traffic_shift,0.3,ours_shift_flag,True,True
model_substitution,traffic_shift,0.3,ours_input,False,True
model_substitution,traffic_shift,0.3,pooled,True,False
model_substitution,traffic_shift,0.3,per_tenant,True,False
model_substitution,traffic_shift,0.3,ours,True,False
model_substitution,traffic_shift,0.3,ours_shift_flag,True,True
model_substitution,traffic_shift,0.3,ours_input,False,True
model_substitution,traffic_shift,0.3,pooled,True,False
model_substitution,traffic_shift,0.3,per_tenant,True,False
model_substitution,traffic_shift,0.3,ours,True,False
model_substitution,traffic_shift,0.3,ours_shift_flag,True,True
model_substitution,traffic_shift,0.3,ours_input,False,True
model_substitution,traffic_shift,0.3,pooled,True,False
model_substitution,traffic_shift,0.3,per_tenant,True,False
model_substitution,traffic_shift,0.3,ours,True,False
model_substitution,traffic_shift,0.3,ours_shift_flag,True,True
model_substitution,traffic_shift,0.3,ours_input,False,True
model_substitution,traffic_shift,0.3,pooled,True,False
model_substitution,traffic_shift,0.3,per_tenant,True,False
model_substitution,traffic_shift,0.3,ours,True,False
model_substitution,traffic_shift,0.3,ours_shift_flag,True,True
model_substitution,traffic_shift,0.3,ours_input,False,True
model_substitution,traffic_shift,0.3,pooled,True,False
model_substitution,traffic_shift,0.3,per_tenant,True,False
model_substitution,traffic_shift,0.3,ours,True,False
model_substitution,traffic_shift,0.3,ours_shift_flag,True,True
model_substitution,traffic_shift,0.3,ours_input,False,True
model_substitution,traffic_shift,0.3,pooled,True,False
model_substitution,traffic_shift,0.3,per_tenant,True,False
model_substitution,traffic_shift,0.3,ours,True,False
model_substitution,traffic_shift,0.3,ours_shift_flag,True,True
model_substitution,traffic_shift,0.3,ours_input,False,True
model_substitution,both,0.3,pooled,True,True
model_substitution,both,0.3,per_tenant,True,True
model_substitution,both,0.3,ours,True,True
model_substitution,both,0.3,ours_shift_flag,True,True
model_substitution,both,0.3,ours_input,False,False
model_substitution,both,0.3,pooled,True,True
model_substitution,both,0.3,per_tenant,True,True
model_substitution,both,0.3,ours,True,True
model_substitution,both,0.3,ours_shift_flag,True,True
model_substitution,both,0.3,ours_input,False,False
model_substitution,both,0.3,pooled,True,True
model_substitution,both,0.3,per_tenant,True,True
model_substitution,both,0.3,ours,True,True
model_substitution,both,0.3,ours_shift_flag,True,True
model_substitution,both,0.3,ours_input,False,False
model_substitution,both,0.3,pooled,True,True
model_substitution,both,0.3,per_tenant,True,True
model_substitution,both,0.3,ours,True,True
model_substitution,both,0.3,ours_shift_flag,True,True
model_substitution,both,0.3,ours_input,False,False
model_substitution,both,0.3,pooled,True,True
model_substitution,both,0.3,per_tenant,True,True
model_substitution,both,0.3,ours,True,True
model_substitution,both,0.3,ours_shift_flag,True,True
model_substitution,both,0.3,ours_input,False,False
model_substitution,both,0.3,pooled,True,True
model_substitution,both,0.3,per_tenant,True,True
model_substitution,both,0.3,ours,True,True
model_substitution,both,0.3,ours_shift_flag,True,True
model_substitution,both,0.3,ours_input,False,False
model_substitution,both,0.3,pooled,True,True
model_substitution,both,0.3,per_tenant,True,True
model_substitution,both,0.3,ours,True,True
model_substitution,both,0.3,ours_shift_flag,True,True
model_substitution,both,0.3,ours_input,False,False
model_substitution,both,0.3,pooled,True,True
model_substitution,both,0.3,per_tenant,True,True
model_substitution,both,0.3,ours,True,True
model_substitution,both,0.3,ours_shift_flag,True,True
model_substitution,both,0.3,ours_input,False,False
model_substitution,both,0.3,pooled,True,True
model_substitution,both,0.3,per_tenant,True,True
model_substitution,both,0.3,ours,True,True
model_substitution,both,0.3,ours_shift_flag,True,True
model_substitution,both,0.3,ours_input,False,False
model_substitution,both,0.3,pooled,True,True
model_substitution,both,0.3,per_tenant,True,True
model_substitution,both,0.3,ours,True,True
model_substitution,both,0.3,ours_shift_flag,True,True
model_substitution,both,0.3,ours_input,False,False
model_substitution,both,0.3,pooled,True,True
model_substitution,both,0.3,per_tenant,True,True
model_substitution,both,0.3,ours,True,True
model_substitution,both,0.3,ours_shift_flag,True,True
model_substitution,both,0.3,ours_input,False,False
model_substitution,both,0.3,pooled,True,True
model_substitution,both,0.3,per_tenant,True,True
model_substitution,both,0.3,ours,True,True
model_substitution,both,0.3,ours_shift_flag,True,True
model_substitution,both,0.3,ours_input,False,False
model_substitution,both,0.3,pooled,True,True
model_substitution,both,0.3,per_tenant,True,True
model_substitution,both,0.3,ours,True,True
model_substitution,both,0.3,ours_shift_flag,True,True
model_substitution,both,0.3,ours_input,True,True
model_substitution,both,0.3,pooled,True,True
model_substitution,both,0.3,per_tenant,True,True
model_substitution,both,0.3,ours,True,True
model_substitution,both,0.3,ours_shift_flag,True,True
model_substitution,both,0.3,ours_input,True,True
model_substitution,both,0.3,pooled,True,True
model_substitution,both,0.3,per_tenant,True,True
model_substitution,both,0.3,ours,True,True
model_substitution,both,0.3,ours_shift_flag,True,True
model_substitution,both,0.3,ours_input,False,False
model_substitution,both,0.3,pooled,True,True
model_substitution,both,0.3,per_tenant,True,True
model_substitution,both,0.3,ours,True,True
model_substitution,both,0.3,ours_shift_flag,True,True
model_substitution,both,0.3,ours_input,False,False
model_substitution,both,0.3,pooled,True,True
model_substitution,both,0.3,per_tenant,True,True
model_substitution,both,0.3,ours,True,True
model_substitution,both,0.3,ours_shift_flag,True,True
model_substitution,both,0.3,ours_input,False,False
model_substitution,both,0.3,pooled,True,True
model_substitution,both,0.3,per_tenant,True,True
model_substitution,both,0.3,ours,True,True
model_substitution,both,0.3,ours_shift_flag,True,True
model_substitution,both,0.3,ours_input,False,False
model_substitution,both,0.3,pooled,True,True
model_substitution,both,0.3,per_tenant,True,True
model_substitution,both,0.3,ours,True,True
model_substitution,both,0.3,ours_shift_flag,True,True
model_substitution,both,0.3,ours_input,False,False
model_substitution,both,0.3,pooled,True,True
model_substitution,both,0.3,per_tenant,True,True
model_substitution,both,0.3,ours,True,True
model_substitution,both,0.3,ours_shift_flag,True,True
model_substitution,both,0.3,ours_input,False,False
model_substitution,both,0.3,pooled,True,True
model_substitution,both,0.3,per_tenant,True,True
model_substitution,both,0.3,ours,True,True
model_substitution,both,0.3,ours_shift_flag,True,True
model_substitution,both,0.3,ours_input,False,False
model_substitution,both,0.3,pooled,True,True
model_substitution,both,0.3,per_tenant,True,True
model_substitution,both,0.3,ours,True,True
model_substitution,both,0.3,ours_shift_flag,True,True
model_substitution,both,0.3,ours_input,False,False
model_substitution,both,0.3,pooled,True,True
model_substitution,both,0.3,per_tenant,True,True
model_substitution,both,0.3,ours,True,True
model_substitution,both,0.3,ours_shift_flag,True,True
model_substitution,both,0.3,ours_input,False,False
model_substitution,both,0.3,pooled,True,True
model_substitution,both,0.3,per_tenant,True,True
model_substitution,both,0.3,ours,True,True
model_substitution,both,0.3,ours_shift_flag,True,True
model_substitution,both,0.3,ours_input,False,False
model_substitution,both,0.3,pooled,True,True
model_substitution,both,0.3,per_tenant,True,True
model_substitution,both,0.3,ours,True,True
model_substitution,both,0.3,ours_shift_flag,True,True
model_substitution,both,0.3,ours_input,False,False
model_substitution,both,0.3,pooled,True,True
model_substitution,both,0.3,per_tenant,True,True
model_substitution,both,0.3,ours,True,True
model_substitution,both,0.3,ours_shift_flag,True,True
model_substitution,both,0.3,ours_input,False,False
model_substitution,both,0.3,pooled,True,True
model_substitution,both,0.3,per_tenant,True,True
model_substitution,both,0.3,ours,True,True
model_substitution,both,0.3,ours_shift_flag,True,True
model_substitution,both,0.3,ours_input,False,False
model_substitution,both,0.3,pooled,True,True
model_substitution,both,0.3,per_tenant,True,True
model_substitution,both,0.3,ours,True,True
model_substitution,both,0.3,ours_shift_flag,True,True
model_substitution,both,0.3,ours_input,False,False
model_substitution,both,0.3,pooled,True,True
model_substitution,both,0.3,per_tenant,True,True
model_substitution,both,0.3,ours,True,True
model_substitution,both,0.3,ours_shift_flag,True,True
model_substitution,both,0.3,ours_input,False,False
model_substitution,both,0.3,pooled,True,True
model_substitution,both,0.3,per_tenant,True,True
model_substitution,both,0.3,ours,True,True
model_substitution,both,0.3,ours_shift_flag,True,True
model_substitution,both,0.3,ours_input,False,False
model_substitution,both,0.3,pooled,True,True
model_substitution,both,0.3,per_tenant,True,True
model_substitution,both,0.3,ours,True,True
model_substitution,both,0.3,ours_shift_flag,True,True
model_substitution,both,0.3,ours_input,False,False
model_substitution,both,0.3,pooled,True,True
model_substitution,both,0.3,per_tenant,True,True
model_substitution,both,0.3,ours,True,True
model_substitution,both,0.3,ours_shift_flag,True,True
model_substitution,both,0.3,ours_input,False,False
model_substitution,both,0.3,pooled,True,True
model_substitution,both,0.3,per_tenant,True,True
model_substitution,both,0.3,ours,True,True
model_substitution,both,0.3,ours_shift_flag,True,True
model_substitution,both,0.3,ours_input,False,False
model_substitution,both,0.3,pooled,True,True
model_substitution,both,0.3,per_tenant,True,True
model_substitution,both,0.3,ours,True,True
model_substitution,both,0.3,ours_shift_flag,True,True
model_substitution,both,0.3,ours_input,False,False
model_substitution,both,0.3,pooled,True,True
model_substitution,both,0.3,per_tenant,True,True
model_substitution,both,0.3,ours,True,True
model_substitution,both,0.3,ours_shift_flag,True,True
model_substitution,both,0.3,ours_input,False,False
model_substitution,both,0.3,pooled,True,True
model_substitution,both,0.3,per_tenant,True,True
model_substitution,both,0.3,ours,True,True
model_substitution,both,0.3,ours_shift_flag,True,True
model_substitution,both,0.3,ours_input,False,False
model_substitution,both,0.3,pooled,True,True
model_substitution,both,0.3,per_tenant,True,True
model_substitution,both,0.3,ours,True,True
model_substitution,both,0.3,ours_shift_flag,True,True
model_substitution,both,0.3,ours_input,False,False
model_substitution,both,0.3,pooled,True,True
model_substitution,both,0.3,per_tenant,True,True
model_substitution,both,0.3,ours,True,True
model_substitution,both,0.3,ours_shift_flag,True,True
model_substitution,both,0.3,ours_input,True,True
model_substitution,both,0.3,pooled,True,True
model_substitution,both,0.3,per_tenant,True,True
model_substitution,both,0.3,ours,True,True
model_substitution,both,0.3,ours_shift_flag,True,True
model_substitution,both,0.3,ours_input,False,False
model_substitution,both,0.3,pooled,True,True
model_substitution,both,0.3,per_tenant,True,True
model_substitution,both,0.3,ours,True,True
model_substitution,both,0.3,ours_shift_flag,True,True
model_substitution,both,0.3,ours_input,False,False
model_substitution,both,0.3,pooled,True,True
model_substitution,both,0.3,per_tenant,True,True
model_substitution,both,0.3,ours,True,True
model_substitution,both,0.3,ours_shift_flag,True,True
model_substitution,both,0.3,ours_input,False,False
model_substitution,both,0.3,pooled,True,True
model_substitution,both,0.3,per_tenant,True,True
model_substitution,both,0.3,ours,True,True
model_substitution,both,0.3,ours_shift_flag,True,True
model_substitution,both,0.3,ours_input,True,True
model_substitution,both,0.3,pooled,True,True
model_substitution,both,0.3,per_tenant,True,True
model_substitution,both,0.3,ours,True,True
model_substitution,both,0.3,ours_shift_flag,True,True
model_substitution,both,0.3,ours_input,False,False
model_substitution,both,0.3,pooled,True,True
model_substitution,both,0.3,per_tenant,True,True
model_substitution,both,0.3,ours,True,True
model_substitution,both,0.3,ours_shift_flag,True,True
model_substitution,both,0.3,ours_input,False,False
model_substitution,both,0.3,pooled,True,True
model_substitution,both,0.3,per_tenant,True,True
model_substitution,both,0.3,ours,True,True
model_substitution,both,0.3,ours_shift_flag,True,True
model_substitution,both,0.3,ours_input,False,False
model_substitution,both,0.3,pooled,True,True
model_substitution,both,0.3,per_tenant,True,True
model_substitution,both,0.3,ours,True,True
model_substitution,both,0.3,ours_shift_flag,True,True
model_substitution,both,0.3,ours_input,False,False
model_substitution,both,0.3,pooled,True,True
model_substitution,both,0.3,per_tenant,True,True
model_substitution,both,0.3,ours,True,True
model_substitution,both,0.3,ours_shift_flag,True,True
model_substitution,both,0.3,ours_input,False,False
model_substitution,both,0.3,pooled,True,True
model_substitution,both,0.3,per_tenant,True,True
model_substitution,both,0.3,ours,True,True
model_substitution,both,0.3,ours_shift_flag,True,True
model_substitution,both,0.3,ours_input,False,False
model_substitution,both,0.3,pooled,True,True
model_substitution,both,0.3,per_tenant,True,True
model_substitution,both,0.3,ours,True,True
model_substitution,both,0.3,ours_shift_flag,True,True
model_substitution,both,0.3,ours_input,False,False
model_substitution,both,0.3,pooled,True,True
model_substitution,both,0.3,per_tenant,True,True
model_substitution,both,0.3,ours,True,True
model_substitution,both,0.3,ours_shift_flag,True,True
model_substitution,both,0.3,ours_input,False,False
model_substitution,both,0.3,pooled,True,True
model_substitution,both,0.3,per_tenant,True,True
model_substitution,both,0.3,ours,True,True
model_substitution,both,0.3,ours_shift_flag,True,True
model_substitution,both,0.3,ours_input,False,False
model_substitution,both,0.3,pooled,True,True
model_substitution,both,0.3,per_tenant,True,True
model_substitution,both,0.3,ours,True,True
model_substitution,both,0.3,ours_shift_flag,True,True
model_substitution,both,0.3,ours_input,False,False
model_substitution,both,0.3,pooled,True,True
model_substitution,both,0.3,per_tenant,True,True
model_substitution,both,0.3,ours,True,True
model_substitution,both,0.3,ours_shift_flag,True,True
model_substitution,both,0.3,ours_input,False,False
model_substitution,both,0.3,pooled,True,True
model_substitution,both,0.3,per_tenant,True,True
model_substitution,both,0.3,ours,True,True
model_substitution,both,0.3,ours_shift_flag,True,True
model_substitution,both,0.3,ours_input,False,False
model_substitution,both,0.3,pooled,True,True
model_substitution,both,0.3,per_tenant,True,True
model_substitution,both,0.3,ours,True,True
model_substitution,both,0.3,ours_shift_flag,True,True
model_substitution,both,0.3,ours_input,False,False
model_substitution,both,0.3,pooled,True,True
model_substitution,both,0.3,per_tenant,True,True
model_substitution,both,0.3,ours,True,True
model_substitution,both,0.3,ours_shift_flag,True,True
model_substitution,both,0.3,ours_input,False,False
model_substitution,both,0.3,pooled,True,True
model_substitution,both,0.3,per_tenant,True,True
model_substitution,both,0.3,ours,True,True
model_substitution,both,0.3,ours_shift_flag,True,True
model_substitution,both,0.3,ours_input,False,False
model_substitution,both,0.3,pooled,True,True
model_substitution,both,0.3,per_tenant,True,True
model_substitution,both,0.3,ours,True,True
model_substitution,both,0.3,ours_shift_flag,True,True
model_substitution,both,0.3,ours_input,False,False
model_substitution,both,0.3,pooled,True,True
model_substitution,both,0.3,per_tenant,True,True
model_substitution,both,0.3,ours,True,True
model_substitution,both,0.3,ours_shift_flag,True,True
model_substitution,both,0.3,ours_input,False,False
model_substitution,both,0.3,pooled,True,True
model_substitution,both,0.3,per_tenant,True,True
model_substitution,both,0.3,ours,True,True
model_substitution,both,0.3,ours_shift_flag,True,True
model_substitution,both,0.3,ours_input,False,False
model_substitution,none,1.0,pooled,False,True
model_substitution,none,1.0,per_tenant,False,True
model_substitution,none,1.0,ours,False,True
model_substitution,none,1.0,ours_shift_flag,False,True
model_substitution,none,1.0,ours_input,False,True
model_substitution,none,1.0,pooled,False,True
model_substitution,none,1.0,per_tenant,False,True
model_substitution,none,1.0,ours,False,True
model_substitution,none,1.0,ours_shift_flag,False,True
model_substitution,none,1.0,ours_input,False,True
model_substitution,none,1.0,pooled,False,True
model_substitution,none,1.0,per_tenant,False,True
model_substitution,none,1.0,ours,False,True
model_substitution,none,1.0,ours_shift_flag,False,True
model_substitution,none,1.0,ours_input,False,True
model_substitution,none,1.0,pooled,False,True
model_substitution,none,1.0,per_tenant,False,True
model_substitution,none,1.0,ours,False,True
model_substitution,none,1.0,ours_shift_flag,False,True
model_substitution,none,1.0,ours_input,False,True
model_substitution,none,1.0,pooled,False,True
model_substitution,none,1.0,per_tenant,False,True
model_substitution,none,1.0,ours,False,True
model_substitution,none,1.0,ours_shift_flag,False,True
model_substitution,none,1.0,ours_input,False,True
model_substitution,none,1.0,pooled,False,True
model_substitution,none,1.0,per_tenant,False,True
model_substitution,none,1.0,ours,False,True
model_substitution,none,1.0,ours_shift_flag,False,True
model_substitution,none,1.0,ours_input,False,True
model_substitution,none,1.0,pooled,False,True
model_substitution,none,1.0,per_tenant,False,True
model_substitution,none,1.0,ours,False,True
model_substitution,none,1.0,ours_shift_flag,False,True
model_substitution,none,1.0,ours_input,False,True
model_substitution,none,1.0,pooled,False,True
model_substitution,none,1.0,per_tenant,False,True
model_substitution,none,1.0,ours,False,True
model_substitution,none,1.0,ours_shift_flag,False,True
model_substitution,none,1.0,ours_input,False,True
model_substitution,none,1.0,pooled,False,True
model_substitution,none,1.0,per_tenant,False,True
model_substitution,none,1.0,ours,False,True
model_substitution,none,1.0,ours_shift_flag,False,True
model_substitution,none,1.0,ours_input,False,True
model_substitution,none,1.0,pooled,False,True
model_substitution,none,1.0,per_tenant,False,True
model_substitution,none,1.0,ours,False,True
model_substitution,none,1.0,ours_shift_flag,False,True
model_substitution,none,1.0,ours_input,False,True
model_substitution,none,1.0,pooled,False,True
model_substitution,none,1.0,per_tenant,False,True
model_substitution,none,1.0,ours,False,True
model_substitution,none,1.0,ours_shift_flag,False,True
model_substitution,none,1.0,ours_input,False,True
model_substitution,none,1.0,pooled,False,True
model_substitution,none,1.0,per_tenant,False,True
model_substitution,none,1.0,ours,False,True
model_substitution,none,1.0,ours_shift_flag,False,True
model_substitution,none,1.0,ours_input,False,True
model_substitution,none,1.0,pooled,False,True
model_substitution,none,1.0,per_tenant,False,True
model_substitution,none,1.0,ours,False,True
model_substitution,none,1.0,ours_shift_flag,False,True
model_substitution,none,1.0,ours_input,False,True
model_substitution,none,1.0,pooled,False,True
model_substitution,none,1.0,per_tenant,False,True
model_substitution,none,1.0,ours,False,True
model_substitution,none,1.0,ours_shift_flag,False,True
model_substitution,none,1.0,ours_input,False,True
model_substitution,none,1.0,pooled,False,True
model_substitution,none,1.0,per_tenant,False,True
model_substitution,none,1.0,ours,False,True
model_substitution,none,1.0,ours_shift_flag,False,True
model_substitution,none,1.0,ours_input,False,True
model_substitution,none,1.0,pooled,False,True
model_substitution,none,1.0,per_tenant,False,True
model_substitution,none,1.0,ours,False,True
model_substitution,none,1.0,ours_shift_flag,False,True
model_substitution,none,1.0,ours_input,False,True
model_substitution,none,1.0,pooled,False,True
model_substitution,none,1.0,per_tenant,False,True
model_substitution,none,1.0,ours,False,True
model_substitution,none,1.0,ours_shift_flag,False,True
model_substitution,none,1.0,ours_input,False,True
model_substitution,none,1.0,pooled,False,True
model_substitution,none,1.0,per_tenant,False,True
model_substitution,none,1.0,ours,False,True
model_substitution,none,1.0,ours_shift_flag,False,True
model_substitution,none,1.0,ours_input,False,True
model_substitution,none,1.0,pooled,False,True
model_substitution,none,1.0,per_tenant,False,True
model_substitution,none,1.0,ours,False,True
model_substitution,none,1.0,ours_shift_flag,False,True
model_substitution,none,1.0,ours_input,False,True
model_substitution,none,1.0,pooled,False,True
model_substitution,none,1.0,per_tenant,False,True
model_substitution,none,1.0,ours,False,True
model_substitution,none,1.0,ours_shift_flag,False,True
model_substitution,none,1.0,ours_input,False,True
model_substitution,none,1.0,pooled,False,True
model_substitution,none,1.0,per_tenant,False,True
model_substitution,none,1.0,ours,False,True
model_substitution,none,1.0,ours_shift_flag,False,True
model_substitution,none,1.0,ours_input,False,True
model_substitution,none,1.0,pooled,False,True
model_substitution,none,1.0,per_tenant,False,True
model_substitution,none,1.0,ours,False,True
model_substitution,none,1.0,ours_shift_flag,False,True
model_substitution,none,1.0,ours_input,False,True
model_substitution,none,1.0,pooled,False,True
model_substitution,none,1.0,per_tenant,False,True
model_substitution,none,1.0,ours,False,True
model_substitution,none,1.0,ours_shift_flag,False,True
model_substitution,none,1.0,ours_input,False,True
model_substitution,none,1.0,pooled,False,True
model_substitution,none,1.0,per_tenant,False,True
model_substitution,none,1.0,ours,False,True
model_substitution,none,1.0,ours_shift_flag,False,True
model_substitution,none,1.0,ours_input,False,True
model_substitution,none,1.0,pooled,False,True
model_substitution,none,1.0,per_tenant,False,True
model_substitution,none,1.0,ours,False,True
model_substitution,none,1.0,ours_shift_flag,False,True
model_substitution,none,1.0,ours_input,False,True
model_substitution,none,1.0,pooled,False,True
model_substitution,none,1.0,per_tenant,False,True
model_substitution,none,1.0,ours,False,True
model_substitution,none,1.0,ours_shift_flag,False,True
model_substitution,none,1.0,ours_input,False,True
model_substitution,none,1.0,pooled,False,True
model_substitution,none,1.0,per_tenant,False,True
model_substitution,none,1.0,ours,False,True
model_substitution,none,1.0,ours_shift_flag,False,True
model_substitution,none,1.0,ours_input,False,True
model_substitution,none,1.0,pooled,False,True
model_substitution,none,1.0,per_tenant,False,True
model_substitution,none,1.0,ours,False,True
model_substitution,none,1.0,ours_shift_flag,False,True
model_substitution,none,1.0,ours_input,False,True
model_substitution,none,1.0,pooled,False,True
model_substitution,none,1.0,per_tenant,False,True
model_substitution,none,1.0,ours,False,True
model_substitution,none,1.0,ours_shift_flag,False,True
model_substitution,none,1.0,ours_input,False,True
model_substitution,none,1.0,pooled,False,True
model_substitution,none,1.0,per_tenant,False,True
model_substitution,none,1.0,ours,False,True
model_substitution,none,1.0,ours_shift_flag,False,True
model_substitution,none,1.0,ours_input,False,True
model_substitution,none,1.0,pooled,False,True
model_substitution,none,1.0,per_tenant,False,True
model_substitution,none,1.0,ours,False,True
model_substitution,none,1.0,ours_shift_flag,False,True
model_substitution,none,1.0,ours_input,False,True
model_substitution,none,1.0,pooled,False,True
model_substitution,none,1.0,per_tenant,False,True
model_substitution,none,1.0,ours,False,True
model_substitution,none,1.0,ours_shift_flag,False,True
model_substitution,none,1.0,ours_input,False,True
model_substitution,none,1.0,pooled,False,True
model_substitution,none,1.0,per_tenant,False,True
model_substitution,none,1.0,ours,False,True
model_substitution,none,1.0,ours_shift_flag,False,True
model_substitution,none,1.0,ours_input,False,True
model_substitution,none,1.0,pooled,False,True
model_substitution,none,1.0,per_tenant,False,True
model_substitution,none,1.0,ours,False,True
model_substitution,none,1.0,ours_shift_flag,False,True
model_substitution,none,1.0,ours_input,False,True
model_substitution,none,1.0,pooled,False,True
model_substitution,none,1.0,per_tenant,False,True
model_substitution,none,1.0,ours,False,True
model_substitution,none,1.0,ours_shift_flag,False,True
model_substitution,none,1.0,ours_input,False,True
model_substitution,none,1.0,pooled,False,True
model_substitution,none,1.0,per_tenant,False,True
model_substitution,none,1.0,ours,False,True
model_substitution,none,1.0,ours_shift_flag,False,True
model_substitution,none,1.0,ours_input,False,True
model_substitution,none,1.0,pooled,False,True
model_substitution,none,1.0,per_tenant,False,True
model_substitution,none,1.0,ours,False,True
model_substitution,none,1.0,ours_shift_flag,False,True
model_substitution,none,1.0,ours_input,False,True
model_substitution,none,1.0,pooled,False,True
model_substitution,none,1.0,per_tenant,False,True
model_substitution,none,1.0,ours,False,True
model_substitution,none,1.0,ours_shift_flag,False,True
model_substitution,none,1.0,ours_input,False,True
model_substitution,none,1.0,pooled,False,True
model_substitution,none,1.0,per_tenant,False,True
model_substitution,none,1.0,ours,False,True
model_substitution,none,1.0,ours_shift_flag,False,True
model_substitution,none,1.0,ours_input,False,True
model_substitution,none,1.0,pooled,False,True
model_substitution,none,1.0,per_tenant,False,True
model_substitution,none,1.0,ours,False,True
model_substitution,none,1.0,ours_shift_flag,False,True
model_substitution,none,1.0,ours_input,False,True
model_substitution,none,1.0,pooled,False,True
model_substitution,none,1.0,per_tenant,False,True
model_substitution,none,1.0,ours,False,True
model_substitution,none,1.0,ours_shift_flag,False,True
model_substitution,none,1.0,ours_input,False,True
model_substitution,none,1.0,pooled,False,True
model_substitution,none,1.0,per_tenant,False,True
model_substitution,none,1.0,ours,False,True
model_substitution,none,1.0,ours_shift_flag,False,True
model_substitution,none,1.0,ours_input,False,True
model_substitution,none,1.0,pooled,False,True
model_substitution,none,1.0,per_tenant,False,True
model_substitution,none,1.0,ours,False,True
model_substitution,none,1.0,ours_shift_flag,False,True
model_substitution,none,1.0,ours_input,False,True
model_substitution,none,1.0,pooled,False,True
model_substitution,none,1.0,per_tenant,False,True
model_substitution,none,1.0,ours,False,True
model_substitution,none,1.0,ours_shift_flag,False,True
model_substitution,none,1.0,ours_input,False,True
model_substitution,none,1.0,pooled,False,True
model_substitution,none,1.0,per_tenant,False,True
model_substitution,none,1.0,ours,False,True
model_substitution,none,1.0,ours_shift_flag,False,True
model_substitution,none,1.0,ours_input,False,True
model_substitution,none,1.0,pooled,False,True
model_substitution,none,1.0,per_tenant,False,True
model_substitution,none,1.0,ours,False,True
model_substitution,none,1.0,ours_shift_flag,False,True
model_substitution,none,1.0,ours_input,False,True
model_substitution,none,1.0,pooled,False,True
model_substitution,none,1.0,per_tenant,False,True
model_substitution,none,1.0,ours,False,True
model_substitution,none,1.0,ours_shift_flag,False,True
model_substitution,none,1.0,ours_input,False,True
model_substitution,none,1.0,pooled,False,True
model_substitution,none,1.0,per_tenant,False,True
model_substitution,none,1.0,ours,False,True
model_substitution,none,1.0,ours_shift_flag,False,True
model_substitution,none,1.0,ours_input,False,True
model_substitution,none,1.0,pooled,False,True
model_substitution,none,1.0,per_tenant,False,True
model_substitution,none,1.0,ours,False,True
model_substitution,none,1.0,ours_shift_flag,False,True
model_substitution,none,1.0,ours_input,False,True
model_substitution,none,1.0,pooled,False,True
model_substitution,none,1.0,per_tenant,False,True
model_substitution,none,1.0,ours,False,True
model_substitution,none,1.0,ours_shift_flag,False,True
model_substitution,none,1.0,ours_input,False,True
model_substitution,none,1.0,pooled,False,True
model_substitution,none,1.0,per_tenant,False,True
model_substitution,none,1.0,ours,False,True
model_substitution,none,1.0,ours_shift_flag,False,True
model_substitution,none,1.0,ours_input,False,True
model_substitution,none,1.0,pooled,False,True
model_substitution,none,1.0,per_tenant,False,True
model_substitution,none,1.0,ours,False,True
model_substitution,none,1.0,ours_shift_flag,False,True
model_substitution,none,1.0,ours_input,False,True
model_substitution,none,1.0,pooled,False,True
model_substitution,none,1.0,per_tenant,False,True
model_substitution,none,1.0,ours,False,True
model_substitution,none,1.0,ours_shift_flag,False,True
model_substitution,none,1.0,ours_input,False,True
model_substitution,none,1.0,pooled,False,True
model_substitution,none,1.0,per_tenant,False,True
model_substitution,none,1.0,ours,False,True
model_substitution,none,1.0,ours_shift_flag,False,True
model_substitution,none,1.0,ours_input,False,True
model_substitution,none,1.0,pooled,False,True
model_substitution,none,1.0,per_tenant,False,True
model_substitution,none,1.0,ours,False,True
model_substitution,none,1.0,ours_shift_flag,False,True
model_substitution,none,1.0,ours_input,False,True
model_substitution,none,1.0,pooled,False,True
model_substitution,none,1.0,per_tenant,False,True
model_substitution,none,1.0,ours,False,True
model_substitution,none,1.0,ours_shift_flag,False,True
model_substitution,none,1.0,ours_input,False,True
model_substitution,none,1.0,pooled,False,True
model_substitution,none,1.0,per_tenant,False,True
model_substitution,none,1.0,ours,False,True
model_substitution,none,1.0,ours_shift_flag,False,True
model_substitution,none,1.0,ours_input,False,True
model_substitution,none,1.0,pooled,False,True
model_substitution,none,1.0,per_tenant,False,True
model_substitution,none,1.0,ours,False,True
model_substitution,none,1.0,ours_shift_flag,False,True
model_substitution,none,1.0,ours_input,False,True
model_substitution,none,1.0,pooled,False,True
model_substitution,none,1.0,per_tenant,False,True
model_substitution,none,1.0,ours,False,True
model_substitution,none,1.0,ours_shift_flag,False,True
model_substitution,none,1.0,ours_input,False,True
model_substitution,none,1.0,pooled,False,True
model_substitution,none,1.0,per_tenant,False,True
model_substitution,none,1.0,ours,False,True
model_substitution,none,1.0,ours_shift_flag,False,True
model_substitution,none,1.0,ours_input,False,True
model_substitution,provider_fault,1.0,pooled,True,True
model_substitution,provider_fault,1.0,per_tenant,True,True
model_substitution,provider_fault,1.0,ours,True,True
model_substitution,provider_fault,1.0,ours_shift_flag,False,True
model_substitution,provider_fault,1.0,ours_input,True,True
model_substitution,provider_fault,1.0,pooled,True,True
model_substitution,provider_fault,1.0,per_tenant,True,True
model_substitution,provider_fault,1.0,ours,True,True
model_substitution,provider_fault,1.0,ours_shift_flag,False,True
model_substitution,provider_fault,1.0,ours_input,True,True
model_substitution,provider_fault,1.0,pooled,True,True
model_substitution,provider_fault,1.0,per_tenant,True,True
model_substitution,provider_fault,1.0,ours,True,True
model_substitution,provider_fault,1.0,ours_shift_flag,False,True
model_substitution,provider_fault,1.0,ours_input,True,True
model_substitution,provider_fault,1.0,pooled,True,True
model_substitution,provider_fault,1.0,per_tenant,True,True
model_substitution,provider_fault,1.0,ours,True,True
model_substitution,provider_fault,1.0,ours_shift_flag,False,True
model_substitution,provider_fault,1.0,ours_input,True,True
model_substitution,provider_fault,1.0,pooled,True,True
model_substitution,provider_fault,1.0,per_tenant,True,True
model_substitution,provider_fault,1.0,ours,True,True
model_substitution,provider_fault,1.0,ours_shift_flag,False,True
model_substitution,provider_fault,1.0,ours_input,True,True
model_substitution,provider_fault,1.0,pooled,True,True
model_substitution,provider_fault,1.0,per_tenant,True,True
model_substitution,provider_fault,1.0,ours,True,True
model_substitution,provider_fault,1.0,ours_shift_flag,False,True
model_substitution,provider_fault,1.0,ours_input,True,True
model_substitution,provider_fault,1.0,pooled,True,True
model_substitution,provider_fault,1.0,per_tenant,True,True
model_substitution,provider_fault,1.0,ours,True,True
model_substitution,provider_fault,1.0,ours_shift_flag,False,True
model_substitution,provider_fault,1.0,ours_input,True,True
model_substitution,provider_fault,1.0,pooled,True,True
model_substitution,provider_fault,1.0,per_tenant,True,True
model_substitution,provider_fault,1.0,ours,True,True
model_substitution,provider_fault,1.0,ours_shift_flag,False,True
model_substitution,provider_fault,1.0,ours_input,True,True
model_substitution,provider_fault,1.0,pooled,True,True
model_substitution,provider_fault,1.0,per_tenant,True,True
model_substitution,provider_fault,1.0,ours,True,True
model_substitution,provider_fault,1.0,ours_shift_flag,False,True
model_substitution,provider_fault,1.0,ours_input,True,True
model_substitution,provider_fault,1.0,pooled,True,True
model_substitution,provider_fault,1.0,per_tenant,True,True
model_substitution,provider_fault,1.0,ours,True,True
model_substitution,provider_fault,1.0,ours_shift_flag,False,True
model_substitution,provider_fault,1.0,ours_input,True,True
model_substitution,provider_fault,1.0,pooled,True,True
model_substitution,provider_fault,1.0,per_tenant,True,True
model_substitution,provider_fault,1.0,ours,True,True
model_substitution,provider_fault,1.0,ours_shift_flag,False,True
model_substitution,provider_fault,1.0,ours_input,True,True
model_substitution,provider_fault,1.0,pooled,True,True
model_substitution,provider_fault,1.0,per_tenant,True,True
model_substitution,provider_fault,1.0,ours,True,True
model_substitution,provider_fault,1.0,ours_shift_flag,False,True
model_substitution,provider_fault,1.0,ours_input,True,True
model_substitution,provider_fault,1.0,pooled,True,True
model_substitution,provider_fault,1.0,per_tenant,True,True
model_substitution,provider_fault,1.0,ours,True,True
model_substitution,provider_fault,1.0,ours_shift_flag,False,True
model_substitution,provider_fault,1.0,ours_input,True,True
model_substitution,provider_fault,1.0,pooled,True,True
model_substitution,provider_fault,1.0,per_tenant,True,True
model_substitution,provider_fault,1.0,ours,True,True
model_substitution,provider_fault,1.0,ours_shift_flag,False,True
model_substitution,provider_fault,1.0,ours_input,True,True
model_substitution,provider_fault,1.0,pooled,True,True
model_substitution,provider_fault,1.0,per_tenant,True,True
model_substitution,provider_fault,1.0,ours,True,True
model_substitution,provider_fault,1.0,ours_shift_flag,False,True
model_substitution,provider_fault,1.0,ours_input,True,True
model_substitution,provider_fault,1.0,pooled,True,True
model_substitution,provider_fault,1.0,per_tenant,True,True
model_substitution,provider_fault,1.0,ours,True,True
model_substitution,provider_fault,1.0,ours_shift_flag,False,True
model_substitution,provider_fault,1.0,ours_input,True,True
model_substitution,provider_fault,1.0,pooled,True,True
model_substitution,provider_fault,1.0,per_tenant,True,True
model_substitution,provider_fault,1.0,ours,True,True
model_substitution,provider_fault,1.0,ours_shift_flag,False,True
model_substitution,provider_fault,1.0,ours_input,True,True
model_substitution,provider_fault,1.0,pooled,True,True
model_substitution,provider_fault,1.0,per_tenant,True,True
model_substitution,provider_fault,1.0,ours,True,True
model_substitution,provider_fault,1.0,ours_shift_flag,False,True
model_substitution,provider_fault,1.0,ours_input,True,True
model_substitution,provider_fault,1.0,pooled,True,True
model_substitution,provider_fault,1.0,per_tenant,True,True
model_substitution,provider_fault,1.0,ours,True,True
model_substitution,provider_fault,1.0,ours_shift_flag,False,True
model_substitution,provider_fault,1.0,ours_input,True,True
model_substitution,provider_fault,1.0,pooled,True,True
model_substitution,provider_fault,1.0,per_tenant,True,True
model_substitution,provider_fault,1.0,ours,True,True
model_substitution,provider_fault,1.0,ours_shift_flag,False,True
model_substitution,provider_fault,1.0,ours_input,True,True
model_substitution,provider_fault,1.0,pooled,True,True
model_substitution,provider_fault,1.0,per_tenant,True,True
model_substitution,provider_fault,1.0,ours,True,True
model_substitution,provider_fault,1.0,ours_shift_flag,False,True
model_substitution,provider_fault,1.0,ours_input,True,True
model_substitution,provider_fault,1.0,pooled,True,True
model_substitution,provider_fault,1.0,per_tenant,True,True
model_substitution,provider_fault,1.0,ours,True,True
model_substitution,provider_fault,1.0,ours_shift_flag,False,True
model_substitution,provider_fault,1.0,ours_input,True,True
model_substitution,provider_fault,1.0,pooled,True,True
model_substitution,provider_fault,1.0,per_tenant,True,True
model_substitution,provider_fault,1.0,ours,True,True
model_substitution,provider_fault,1.0,ours_shift_flag,False,True
model_substitution,provider_fault,1.0,ours_input,True,True
model_substitution,provider_fault,1.0,pooled,True,True
model_substitution,provider_fault,1.0,per_tenant,True,True
model_substitution,provider_fault,1.0,ours,True,True
model_substitution,provider_fault,1.0,ours_shift_flag,False,True
model_substitution,provider_fault,1.0,ours_input,True,True
model_substitution,provider_fault,1.0,pooled,True,True
model_substitution,provider_fault,1.0,per_tenant,True,True
model_substitution,provider_fault,1.0,ours,True,True
model_substitution,provider_fault,1.0,ours_shift_flag,False,True
model_substitution,provider_fault,1.0,ours_input,True,True
model_substitution,provider_fault,1.0,pooled,True,True
model_substitution,provider_fault,1.0,per_tenant,True,True
model_substitution,provider_fault,1.0,ours,True,True
model_substitution,provider_fault,1.0,ours_shift_flag,False,True
model_substitution,provider_fault,1.0,ours_input,True,True
model_substitution,provider_fault,1.0,pooled,True,True
model_substitution,provider_fault,1.0,per_tenant,True,True
model_substitution,provider_fault,1.0,ours,True,True
model_substitution,provider_fault,1.0,ours_shift_flag,False,True
model_substitution,provider_fault,1.0,ours_input,True,True
model_substitution,provider_fault,1.0,pooled,True,True
model_substitution,provider_fault,1.0,per_tenant,True,True
model_substitution,provider_fault,1.0,ours,True,True
model_substitution,provider_fault,1.0,ours_shift_flag,False,True
model_substitution,provider_fault,1.0,ours_input,True,True
model_substitution,provider_fault,1.0,pooled,True,True
model_substitution,provider_fault,1.0,per_tenant,True,True
model_substitution,provider_fault,1.0,ours,True,True
model_substitution,provider_fault,1.0,ours_shift_flag,False,True
model_substitution,provider_fault,1.0,ours_input,True,True
model_substitution,provider_fault,1.0,pooled,True,True
model_substitution,provider_fault,1.0,per_tenant,True,True
model_substitution,provider_fault,1.0,ours,True,True
model_substitution,provider_fault,1.0,ours_shift_flag,False,True
model_substitution,provider_fault,1.0,ours_input,True,True
model_substitution,provider_fault,1.0,pooled,True,True
model_substitution,provider_fault,1.0,per_tenant,True,True
model_substitution,provider_fault,1.0,ours,True,True
model_substitution,provider_fault,1.0,ours_shift_flag,False,True
model_substitution,provider_fault,1.0,ours_input,True,True
model_substitution,provider_fault,1.0,pooled,True,True
model_substitution,provider_fault,1.0,per_tenant,True,True
model_substitution,provider_fault,1.0,ours,True,True
model_substitution,provider_fault,1.0,ours_shift_flag,False,True
model_substitution,provider_fault,1.0,ours_input,True,True
model_substitution,provider_fault,1.0,pooled,True,True
model_substitution,provider_fault,1.0,per_tenant,True,True
model_substitution,provider_fault,1.0,ours,True,True
model_substitution,provider_fault,1.0,ours_shift_flag,False,True
model_substitution,provider_fault,1.0,ours_input,True,True
model_substitution,provider_fault,1.0,pooled,True,True
model_substitution,provider_fault,1.0,per_tenant,True,True
model_substitution,provider_fault,1.0,ours,True,True
model_substitution,provider_fault,1.0,ours_shift_flag,False,True
model_substitution,provider_fault,1.0,ours_input,True,True
model_substitution,provider_fault,1.0,pooled,True,True
model_substitution,provider_fault,1.0,per_tenant,True,True
model_substitution,provider_fault,1.0,ours,True,True
model_substitution,provider_fault,1.0,ours_shift_flag,False,True
model_substitution,provider_fault,1.0,ours_input,True,True
model_substitution,provider_fault,1.0,pooled,True,True
model_substitution,provider_fault,1.0,per_tenant,True,True
model_substitution,provider_fault,1.0,ours,True,True
model_substitution,provider_fault,1.0,ours_shift_flag,False,True
model_substitution,provider_fault,1.0,ours_input,True,True
model_substitution,provider_fault,1.0,pooled,True,True
model_substitution,provider_fault,1.0,per_tenant,True,True
model_substitution,provider_fault,1.0,ours,True,True
model_substitution,provider_fault,1.0,ours_shift_flag,False,True
model_substitution,provider_fault,1.0,ours_input,True,True
model_substitution,provider_fault,1.0,pooled,True,True
model_substitution,provider_fault,1.0,per_tenant,True,True
model_substitution,provider_fault,1.0,ours,True,True
model_substitution,provider_fault,1.0,ours_shift_flag,False,True
model_substitution,provider_fault,1.0,ours_input,True,True
model_substitution,provider_fault,1.0,pooled,True,True
model_substitution,provider_fault,1.0,per_tenant,True,True
model_substitution,provider_fault,1.0,ours,True,True
model_substitution,provider_fault,1.0,ours_shift_flag,False,True
model_substitution,provider_fault,1.0,ours_input,True,True
model_substitution,provider_fault,1.0,pooled,True,True
model_substitution,provider_fault,1.0,per_tenant,True,True
model_substitution,provider_fault,1.0,ours,True,True
model_substitution,provider_fault,1.0,ours_shift_flag,False,True
model_substitution,provider_fault,1.0,ours_input,True,True
model_substitution,provider_fault,1.0,pooled,True,True
model_substitution,provider_fault,1.0,per_tenant,True,True
model_substitution,provider_fault,1.0,ours,True,True
model_substitution,provider_fault,1.0,ours_shift_flag,False,True
model_substitution,provider_fault,1.0,ours_input,True,True
model_substitution,provider_fault,1.0,pooled,True,True
model_substitution,provider_fault,1.0,per_tenant,True,True
model_substitution,provider_fault,1.0,ours,True,True
model_substitution,provider_fault,1.0,ours_shift_flag,False,True
model_substitution,provider_fault,1.0,ours_input,True,True
model_substitution,provider_fault,1.0,pooled,True,True
model_substitution,provider_fault,1.0,per_tenant,True,True
model_substitution,provider_fault,1.0,ours,True,True
model_substitution,provider_fault,1.0,ours_shift_flag,False,True
model_substitution,provider_fault,1.0,ours_input,True,True
model_substitution,provider_fault,1.0,pooled,True,True
model_substitution,provider_fault,1.0,per_tenant,True,True
model_substitution,provider_fault,1.0,ours,True,True
model_substitution,provider_fault,1.0,ours_shift_flag,False,True
model_substitution,provider_fault,1.0,ours_input,True,True
model_substitution,provider_fault,1.0,pooled,True,True
model_substitution,provider_fault,1.0,per_tenant,True,True
model_substitution,provider_fault,1.0,ours,True,True
model_substitution,provider_fault,1.0,ours_shift_flag,False,True
model_substitution,provider_fault,1.0,ours_input,True,True
model_substitution,provider_fault,1.0,pooled,True,True
model_substitution,provider_fault,1.0,per_tenant,True,True
model_substitution,provider_fault,1.0,ours,True,True
model_substitution,provider_fault,1.0,ours_shift_flag,False,True
model_substitution,provider_fault,1.0,ours_input,True,True
model_substitution,provider_fault,1.0,pooled,True,True
model_substitution,provider_fault,1.0,per_tenant,True,True
model_substitution,provider_fault,1.0,ours,True,True
model_substitution,provider_fault,1.0,ours_shift_flag,False,True
model_substitution,provider_fault,1.0,ours_input,True,True
model_substitution,provider_fault,1.0,pooled,True,True
model_substitution,provider_fault,1.0,per_tenant,True,True
model_substitution,provider_fault,1.0,ours,True,True
model_substitution,provider_fault,1.0,ours_shift_flag,False,True
model_substitution,provider_fault,1.0,ours_input,True,True
model_substitution,provider_fault,1.0,pooled,True,True
model_substitution,provider_fault,1.0,per_tenant,True,True
model_substitution,provider_fault,1.0,ours,True,True
model_substitution,provider_fault,1.0,ours_shift_flag,False,True
model_substitution,provider_fault,1.0,ours_input,True,True
model_substitution,provider_fault,1.0,pooled,True,True
model_substitution,provider_fault,1.0,per_tenant,True,True
model_substitution,provider_fault,1.0,ours,True,True
model_substitution,provider_fault,1.0,ours_shift_flag,False,True
model_substitution,provider_fault,1.0,ours_input,True,True
model_substitution,provider_fault,1.0,pooled,True,True
model_substitution,provider_fault,1.0,per_tenant,True,True
model_substitution,provider_fault,1.0,ours,True,True
model_substitution,provider_fault,1.0,ours_shift_flag,False,True
model_substitution,provider_fault,1.0,ours_input,True,True
model_substitution,provider_fault,1.0,pooled,True,True
model_substitution,provider_fault,1.0,per_tenant,True,True
model_substitution,provider_fault,1.0,ours,True,True
model_substitution,provider_fault,1.0,ours_shift_flag,False,True
model_substitution,provider_fault,1.0,ours_input,True,True
model_substitution,provider_fault,1.0,pooled,True,True
model_substitution,provider_fault,1.0,per_tenant,True,True
model_substitution,provider_fault,1.0,ours,True,True
model_substitution,provider_fault,1.0,ours_shift_flag,False,True
model_substitution,provider_fault,1.0,ours_input,True,True
model_substitution,provider_fault,1.0,pooled,True,True
model_substitution,provider_fault,1.0,per_tenant,True,True
model_substitution,provider_fault,1.0,ours,True,True
model_substitution,provider_fault,1.0,ours_shift_flag,False,True
model_substitution,provider_fault,1.0,ours_input,True,True
model_substitution,provider_fault,1.0,pooled,True,True
model_substitution,provider_fault,1.0,per_tenant,True,True
model_substitution,provider_fault,1.0,ours,True,True
model_substitution,provider_fault,1.0,ours_shift_flag,False,True
model_substitution,provider_fault,1.0,ours_input,True,True
model_substitution,provider_fault,1.0,pooled,True,True
model_substitution,provider_fault,1.0,per_tenant,True,True
model_substitution,provider_fault,1.0,ours,True,True
model_substitution,provider_fault,1.0,ours_shift_flag,False,True
model_substitution,provider_fault,1.0,ours_input,True,True
model_substitution,provider_fault,1.0,pooled,True,True
model_substitution,provider_fault,1.0,per_tenant,True,True
model_substitution,provider_fault,1.0,ours,True,True
model_substitution,provider_fault,1.0,ours_shift_flag,False,True
model_substitution,provider_fault,1.0,ours_input,True,True
model_substitution,provider_fault,1.0,pooled,True,True
model_substitution,provider_fault,1.0,per_tenant,True,True
model_substitution,provider_fault,1.0,ours,True,True
model_substitution,provider_fault,1.0,ours_shift_flag,False,True
model_substitution,provider_fault,1.0,ours_input,True,True
model_substitution,provider_fault,1.0,pooled,True,True
model_substitution,provider_fault,1.0,per_tenant,True,True
model_substitution,provider_fault,1.0,ours,True,True
model_substitution,provider_fault,1.0,ours_shift_flag,False,True
model_substitution,provider_fault,1.0,ours_input,True,True
model_substitution,provider_fault,1.0,pooled,True,True
model_substitution,provider_fault,1.0,per_tenant,True,True
model_substitution,provider_fault,1.0,ours,True,True
model_substitution,provider_fault,1.0,ours_shift_flag,False,True
model_substitution,provider_fault,1.0,ours_input,True,True
model_substitution,traffic_shift,1.0,pooled,True,False
model_substitution,traffic_shift,1.0,per_tenant,True,False
model_substitution,traffic_shift,1.0,ours,True,False
model_substitution,traffic_shift,1.0,ours_shift_flag,True,True
model_substitution,traffic_shift,1.0,ours_input,False,True
model_substitution,traffic_shift,1.0,pooled,True,False
model_substitution,traffic_shift,1.0,per_tenant,True,False
model_substitution,traffic_shift,1.0,ours,True,False
model_substitution,traffic_shift,1.0,ours_shift_flag,True,True
model_substitution,traffic_shift,1.0,ours_input,False,True
model_substitution,traffic_shift,1.0,pooled,True,False
model_substitution,traffic_shift,1.0,per_tenant,True,False
model_substitution,traffic_shift,1.0,ours,True,False
model_substitution,traffic_shift,1.0,ours_shift_flag,True,True
model_substitution,traffic_shift,1.0,ours_input,False,True
model_substitution,traffic_shift,1.0,pooled,True,False
model_substitution,traffic_shift,1.0,per_tenant,True,False
model_substitution,traffic_shift,1.0,ours,True,False
model_substitution,traffic_shift,1.0,ours_shift_flag,True,True
model_substitution,traffic_shift,1.0,ours_input,False,True
model_substitution,traffic_shift,1.0,pooled,True,False
model_substitution,traffic_shift,1.0,per_tenant,True,False
model_substitution,traffic_shift,1.0,ours,True,False
model_substitution,traffic_shift,1.0,ours_shift_flag,True,True
model_substitution,traffic_shift,1.0,ours_input,False,True
model_substitution,traffic_shift,1.0,pooled,True,False
model_substitution,traffic_shift,1.0,per_tenant,True,False
model_substitution,traffic_shift,1.0,ours,True,False
model_substitution,traffic_shift,1.0,ours_shift_flag,True,True
model_substitution,traffic_shift,1.0,ours_input,False,True
model_substitution,traffic_shift,1.0,pooled,True,False
model_substitution,traffic_shift,1.0,per_tenant,True,False
model_substitution,traffic_shift,1.0,ours,True,False
model_substitution,traffic_shift,1.0,ours_shift_flag,True,True
model_substitution,traffic_shift,1.0,ours_input,False,True
model_substitution,traffic_shift,1.0,pooled,True,False
model_substitution,traffic_shift,1.0,per_tenant,True,False
model_substitution,traffic_shift,1.0,ours,True,False
model_substitution,traffic_shift,1.0,ours_shift_flag,True,True
model_substitution,traffic_shift,1.0,ours_input,False,True
model_substitution,traffic_shift,1.0,pooled,True,False
model_substitution,traffic_shift,1.0,per_tenant,True,False
model_substitution,traffic_shift,1.0,ours,True,False
model_substitution,traffic_shift,1.0,ours_shift_flag,True,True
model_substitution,traffic_shift,1.0,ours_input,False,True
model_substitution,traffic_shift,1.0,pooled,True,False
model_substitution,traffic_shift,1.0,per_tenant,True,False
model_substitution,traffic_shift,1.0,ours,True,False
model_substitution,traffic_shift,1.0,ours_shift_flag,True,True
model_substitution,traffic_shift,1.0,ours_input,False,True
model_substitution,traffic_shift,1.0,pooled,True,False
model_substitution,traffic_shift,1.0,per_tenant,True,False
model_substitution,traffic_shift,1.0,ours,True,False
model_substitution,traffic_shift,1.0,ours_shift_flag,True,True
model_substitution,traffic_shift,1.0,ours_input,False,True
model_substitution,traffic_shift,1.0,pooled,True,False
model_substitution,traffic_shift,1.0,per_tenant,True,False
model_substitution,traffic_shift,1.0,ours,True,False
model_substitution,traffic_shift,1.0,ours_shift_flag,True,True
model_substitution,traffic_shift,1.0,ours_input,False,True
model_substitution,traffic_shift,1.0,pooled,True,False
model_substitution,traffic_shift,1.0,per_tenant,True,False
model_substitution,traffic_shift,1.0,ours,True,False
model_substitution,traffic_shift,1.0,ours_shift_flag,True,True
model_substitution,traffic_shift,1.0,ours_input,False,True
model_substitution,traffic_shift,1.0,pooled,True,False
model_substitution,traffic_shift,1.0,per_tenant,True,False
model_substitution,traffic_shift,1.0,ours,True,False
model_substitution,traffic_shift,1.0,ours_shift_flag,True,True
model_substitution,traffic_shift,1.0,ours_input,False,True
model_substitution,traffic_shift,1.0,pooled,True,False
model_substitution,traffic_shift,1.0,per_tenant,True,False
model_substitution,traffic_shift,1.0,ours,True,False
model_substitution,traffic_shift,1.0,ours_shift_flag,True,True
model_substitution,traffic_shift,1.0,ours_input,False,True
model_substitution,traffic_shift,1.0,pooled,True,False
model_substitution,traffic_shift,1.0,per_tenant,True,False
model_substitution,traffic_shift,1.0,ours,True,False
model_substitution,traffic_shift,1.0,ours_shift_flag,True,True
model_substitution,traffic_shift,1.0,ours_input,False,True
model_substitution,traffic_shift,1.0,pooled,True,False
model_substitution,traffic_shift,1.0,per_tenant,True,False
model_substitution,traffic_shift,1.0,ours,True,False
model_substitution,traffic_shift,1.0,ours_shift_flag,True,True
model_substitution,traffic_shift,1.0,ours_input,False,True
model_substitution,traffic_shift,1.0,pooled,True,False
model_substitution,traffic_shift,1.0,per_tenant,True,False
model_substitution,traffic_shift,1.0,ours,True,False
model_substitution,traffic_shift,1.0,ours_shift_flag,True,True
model_substitution,traffic_shift,1.0,ours_input,False,True
model_substitution,traffic_shift,1.0,pooled,True,False
model_substitution,traffic_shift,1.0,per_tenant,True,False
model_substitution,traffic_shift,1.0,ours,True,False
model_substitution,traffic_shift,1.0,ours_shift_flag,True,True
model_substitution,traffic_shift,1.0,ours_input,False,True
model_substitution,traffic_shift,1.0,pooled,True,False
model_substitution,traffic_shift,1.0,per_tenant,True,False
model_substitution,traffic_shift,1.0,ours,True,False
model_substitution,traffic_shift,1.0,ours_shift_flag,True,True
model_substitution,traffic_shift,1.0,ours_input,False,True
model_substitution,traffic_shift,1.0,pooled,True,False
model_substitution,traffic_shift,1.0,per_tenant,True,False
model_substitution,traffic_shift,1.0,ours,True,False
model_substitution,traffic_shift,1.0,ours_shift_flag,True,True
model_substitution,traffic_shift,1.0,ours_input,False,True
model_substitution,traffic_shift,1.0,pooled,True,False
model_substitution,traffic_shift,1.0,per_tenant,True,False
model_substitution,traffic_shift,1.0,ours,True,False
model_substitution,traffic_shift,1.0,ours_shift_flag,True,True
model_substitution,traffic_shift,1.0,ours_input,False,True
model_substitution,traffic_shift,1.0,pooled,True,False
model_substitution,traffic_shift,1.0,per_tenant,True,False
model_substitution,traffic_shift,1.0,ours,True,False
model_substitution,traffic_shift,1.0,ours_shift_flag,True,True
model_substitution,traffic_shift,1.0,ours_input,False,True
model_substitution,traffic_shift,1.0,pooled,True,False
model_substitution,traffic_shift,1.0,per_tenant,True,False
model_substitution,traffic_shift,1.0,ours,True,False
model_substitution,traffic_shift,1.0,ours_shift_flag,True,True
model_substitution,traffic_shift,1.0,ours_input,False,True
model_substitution,traffic_shift,1.0,pooled,True,False
model_substitution,traffic_shift,1.0,per_tenant,True,False
model_substitution,traffic_shift,1.0,ours,True,False
model_substitution,traffic_shift,1.0,ours_shift_flag,True,True
model_substitution,traffic_shift,1.0,ours_input,False,True
model_substitution,traffic_shift,1.0,pooled,True,False
model_substitution,traffic_shift,1.0,per_tenant,True,False
model_substitution,traffic_shift,1.0,ours,True,False
model_substitution,traffic_shift,1.0,ours_shift_flag,True,True
model_substitution,traffic_shift,1.0,ours_input,False,True
model_substitution,traffic_shift,1.0,pooled,True,False
model_substitution,traffic_shift,1.0,per_tenant,True,False
model_substitution,traffic_shift,1.0,ours,True,False
model_substitution,traffic_shift,1.0,ours_shift_flag,True,True
model_substitution,traffic_shift,1.0,ours_input,False,True
model_substitution,traffic_shift,1.0,pooled,True,False
model_substitution,traffic_shift,1.0,per_tenant,True,False
model_substitution,traffic_shift,1.0,ours,True,False
model_substitution,traffic_shift,1.0,ours_shift_flag,True,True
model_substitution,traffic_shift,1.0,ours_input,False,True
model_substitution,traffic_shift,1.0,pooled,True,False
model_substitution,traffic_shift,1.0,per_tenant,True,False
model_substitution,traffic_shift,1.0,ours,True,False
model_substitution,traffic_shift,1.0,ours_shift_flag,True,True
model_substitution,traffic_shift,1.0,ours_input,False,True
model_substitution,traffic_shift,1.0,pooled,True,False
model_substitution,traffic_shift,1.0,per_tenant,True,False
model_substitution,traffic_shift,1.0,ours,True,False
model_substitution,traffic_shift,1.0,ours_shift_flag,True,True
model_substitution,traffic_shift,1.0,ours_input,False,True
model_substitution,traffic_shift,1.0,pooled,True,False
model_substitution,traffic_shift,1.0,per_tenant,True,False
model_substitution,traffic_shift,1.0,ours,True,False
model_substitution,traffic_shift,1.0,ours_shift_flag,True,True
model_substitution,traffic_shift,1.0,ours_input,False,True
model_substitution,traffic_shift,1.0,pooled,True,False
model_substitution,traffic_shift,1.0,per_tenant,True,False
model_substitution,traffic_shift,1.0,ours,True,False
model_substitution,traffic_shift,1.0,ours_shift_flag,True,True
model_substitution,traffic_shift,1.0,ours_input,False,True
model_substitution,traffic_shift,1.0,pooled,True,False
model_substitution,traffic_shift,1.0,per_tenant,True,False
model_substitution,traffic_shift,1.0,ours,True,False
model_substitution,traffic_shift,1.0,ours_shift_flag,True,True
model_substitution,traffic_shift,1.0,ours_input,False,True
model_substitution,traffic_shift,1.0,pooled,True,False
model_substitution,traffic_shift,1.0,per_tenant,True,False
model_substitution,traffic_shift,1.0,ours,True,False
model_substitution,traffic_shift,1.0,ours_shift_flag,True,True
model_substitution,traffic_shift,1.0,ours_input,False,True
model_substitution,traffic_shift,1.0,pooled,True,False
model_substitution,traffic_shift,1.0,per_tenant,True,False
model_substitution,traffic_shift,1.0,ours,True,False
model_substitution,traffic_shift,1.0,ours_shift_flag,True,True
model_substitution,traffic_shift,1.0,ours_input,False,True
model_substitution,traffic_shift,1.0,pooled,True,False
model_substitution,traffic_shift,1.0,per_tenant,True,False
model_substitution,traffic_shift,1.0,ours,True,False
model_substitution,traffic_shift,1.0,ours_shift_flag,True,True
model_substitution,traffic_shift,1.0,ours_input,False,True
model_substitution,traffic_shift,1.0,pooled,True,False
model_substitution,traffic_shift,1.0,per_tenant,True,False
model_substitution,traffic_shift,1.0,ours,True,False
model_substitution,traffic_shift,1.0,ours_shift_flag,True,True
model_substitution,traffic_shift,1.0,ours_input,False,True
model_substitution,traffic_shift,1.0,pooled,True,False
model_substitution,traffic_shift,1.0,per_tenant,True,False
model_substitution,traffic_shift,1.0,ours,True,False
model_substitution,traffic_shift,1.0,ours_shift_flag,True,True
model_substitution,traffic_shift,1.0,ours_input,False,True
model_substitution,traffic_shift,1.0,pooled,True,False
model_substitution,traffic_shift,1.0,per_tenant,True,False
model_substitution,traffic_shift,1.0,ours,True,False
model_substitution,traffic_shift,1.0,ours_shift_flag,True,True
model_substitution,traffic_shift,1.0,ours_input,False,True
model_substitution,traffic_shift,1.0,pooled,True,False
model_substitution,traffic_shift,1.0,per_tenant,True,False
model_substitution,traffic_shift,1.0,ours,True,False
model_substitution,traffic_shift,1.0,ours_shift_flag,True,True
model_substitution,traffic_shift,1.0,ours_input,False,True
model_substitution,traffic_shift,1.0,pooled,True,False
model_substitution,traffic_shift,1.0,per_tenant,True,False
model_substitution,traffic_shift,1.0,ours,True,False
model_substitution,traffic_shift,1.0,ours_shift_flag,True,True
model_substitution,traffic_shift,1.0,ours_input,False,True
model_substitution,traffic_shift,1.0,pooled,True,False
model_substitution,traffic_shift,1.0,per_tenant,True,False
model_substitution,traffic_shift,1.0,ours,True,False
model_substitution,traffic_shift,1.0,ours_shift_flag,True,True
model_substitution,traffic_shift,1.0,ours_input,False,True
model_substitution,traffic_shift,1.0,pooled,True,False
model_substitution,traffic_shift,1.0,per_tenant,True,False
model_substitution,traffic_shift,1.0,ours,True,False
model_substitution,traffic_shift,1.0,ours_shift_flag,True,True
model_substitution,traffic_shift,1.0,ours_input,False,True
model_substitution,traffic_shift,1.0,pooled,True,False
model_substitution,traffic_shift,1.0,per_tenant,True,False
model_substitution,traffic_shift,1.0,ours,True,False
model_substitution,traffic_shift,1.0,ours_shift_flag,True,True
model_substitution,traffic_shift,1.0,ours_input,False,True
model_substitution,traffic_shift,1.0,pooled,True,False
model_substitution,traffic_shift,1.0,per_tenant,True,False
model_substitution,traffic_shift,1.0,ours,True,False
model_substitution,traffic_shift,1.0,ours_shift_flag,True,True
model_substitution,traffic_shift,1.0,ours_input,False,True
model_substitution,traffic_shift,1.0,pooled,True,False
model_substitution,traffic_shift,1.0,per_tenant,True,False
model_substitution,traffic_shift,1.0,ours,True,False
model_substitution,traffic_shift,1.0,ours_shift_flag,True,True
model_substitution,traffic_shift,1.0,ours_input,False,True
model_substitution,traffic_shift,1.0,pooled,True,False
model_substitution,traffic_shift,1.0,per_tenant,True,False
model_substitution,traffic_shift,1.0,ours,False,True
model_substitution,traffic_shift,1.0,ours_shift_flag,True,True
model_substitution,traffic_shift,1.0,ours_input,False,True
model_substitution,traffic_shift,1.0,pooled,True,False
model_substitution,traffic_shift,1.0,per_tenant,True,False
model_substitution,traffic_shift,1.0,ours,True,False
model_substitution,traffic_shift,1.0,ours_shift_flag,True,True
model_substitution,traffic_shift,1.0,ours_input,False,True
model_substitution,traffic_shift,1.0,pooled,True,False
model_substitution,traffic_shift,1.0,per_tenant,True,False
model_substitution,traffic_shift,1.0,ours,False,True
model_substitution,traffic_shift,1.0,ours_shift_flag,True,True
model_substitution,traffic_shift,1.0,ours_input,False,True
model_substitution,traffic_shift,1.0,pooled,True,False
model_substitution,traffic_shift,1.0,per_tenant,True,False
model_substitution,traffic_shift,1.0,ours,True,False
model_substitution,traffic_shift,1.0,ours_shift_flag,True,True
model_substitution,traffic_shift,1.0,ours_input,False,True
model_substitution,traffic_shift,1.0,pooled,True,False
model_substitution,traffic_shift,1.0,per_tenant,True,False
model_substitution,traffic_shift,1.0,ours,True,False
model_substitution,traffic_shift,1.0,ours_shift_flag,True,True
model_substitution,traffic_shift,1.0,ours_input,False,True
model_substitution,traffic_shift,1.0,pooled,True,False
model_substitution,traffic_shift,1.0,per_tenant,True,False
model_substitution,traffic_shift,1.0,ours,True,False
model_substitution,traffic_shift,1.0,ours_shift_flag,True,True
model_substitution,traffic_shift,1.0,ours_input,False,True
model_substitution,traffic_shift,1.0,pooled,True,False
model_substitution,traffic_shift,1.0,per_tenant,True,False
model_substitution,traffic_shift,1.0,ours,True,False
model_substitution,traffic_shift,1.0,ours_shift_flag,True,True
model_substitution,traffic_shift,1.0,ours_input,False,True
model_substitution,traffic_shift,1.0,pooled,True,False
model_substitution,traffic_shift,1.0,per_tenant,True,False
model_substitution,traffic_shift,1.0,ours,True,False
model_substitution,traffic_shift,1.0,ours_shift_flag,True,True
model_substitution,traffic_shift,1.0,ours_input,False,True
model_substitution,traffic_shift,1.0,pooled,True,False
model_substitution,traffic_shift,1.0,per_tenant,True,False
model_substitution,traffic_shift,1.0,ours,True,False
model_substitution,traffic_shift,1.0,ours_shift_flag,True,True
model_substitution,traffic_shift,1.0,ours_input,False,True
model_substitution,traffic_shift,1.0,pooled,True,False
model_substitution,traffic_shift,1.0,per_tenant,True,False
model_substitution,traffic_shift,1.0,ours,True,False
model_substitution,traffic_shift,1.0,ours_shift_flag,True,True
model_substitution,traffic_shift,1.0,ours_input,False,True
model_substitution,traffic_shift,1.0,pooled,True,False
model_substitution,traffic_shift,1.0,per_tenant,True,False
model_substitution,traffic_shift,1.0,ours,True,False
model_substitution,traffic_shift,1.0,ours_shift_flag,True,True
model_substitution,traffic_shift,1.0,ours_input,False,True
model_substitution,traffic_shift,1.0,pooled,True,False
model_substitution,traffic_shift,1.0,per_tenant,True,False
model_substitution,traffic_shift,1.0,ours,True,False
model_substitution,traffic_shift,1.0,ours_shift_flag,True,True
model_substitution,traffic_shift,1.0,ours_input,False,True
model_substitution,traffic_shift,1.0,pooled,True,False
model_substitution,traffic_shift,1.0,per_tenant,True,False
model_substitution,traffic_shift,1.0,ours,True,False
model_substitution,traffic_shift,1.0,ours_shift_flag,True,True
model_substitution,traffic_shift,1.0,ours_input,False,True
model_substitution,traffic_shift,1.0,pooled,True,False
model_substitution,traffic_shift,1.0,per_tenant,True,False
model_substitution,traffic_shift,1.0,ours,True,False
model_substitution,traffic_shift,1.0,ours_shift_flag,True,True
model_substitution,traffic_shift,1.0,ours_input,False,True
model_substitution,both,1.0,pooled,True,True
model_substitution,both,1.0,per_tenant,True,True
model_substitution,both,1.0,ours,True,True
model_substitution,both,1.0,ours_shift_flag,True,True
model_substitution,both,1.0,ours_input,True,True
model_substitution,both,1.0,pooled,True,True
model_substitution,both,1.0,per_tenant,True,True
model_substitution,both,1.0,ours,True,True
model_substitution,both,1.0,ours_shift_flag,True,True
model_substitution,both,1.0,ours_input,True,True
model_substitution,both,1.0,pooled,True,True
model_substitution,both,1.0,per_tenant,True,True
model_substitution,both,1.0,ours,True,True
model_substitution,both,1.0,ours_shift_flag,True,True
model_substitution,both,1.0,ours_input,True,True
model_substitution,both,1.0,pooled,True,True
model_substitution,both,1.0,per_tenant,True,True
model_substitution,both,1.0,ours,True,True
model_substitution,both,1.0,ours_shift_flag,True,True
model_substitution,both,1.0,ours_input,True,True
model_substitution,both,1.0,pooled,True,True
model_substitution,both,1.0,per_tenant,True,True
model_substitution,both,1.0,ours,True,True
model_substitution,both,1.0,ours_shift_flag,True,True
model_substitution,both,1.0,ours_input,True,True
model_substitution,both,1.0,pooled,True,True
model_substitution,both,1.0,per_tenant,True,True
model_substitution,both,1.0,ours,True,True
model_substitution,both,1.0,ours_shift_flag,True,True
model_substitution,both,1.0,ours_input,True,True
model_substitution,both,1.0,pooled,True,True
model_substitution,both,1.0,per_tenant,True,True
model_substitution,both,1.0,ours,True,True
model_substitution,both,1.0,ours_shift_flag,True,True
model_substitution,both,1.0,ours_input,True,True
model_substitution,both,1.0,pooled,True,True
model_substitution,both,1.0,per_tenant,True,True
model_substitution,both,1.0,ours,True,True
model_substitution,both,1.0,ours_shift_flag,True,True
model_substitution,both,1.0,ours_input,True,True
model_substitution,both,1.0,pooled,True,True
model_substitution,both,1.0,per_tenant,True,True
model_substitution,both,1.0,ours,True,True
model_substitution,both,1.0,ours_shift_flag,True,True
model_substitution,both,1.0,ours_input,True,True
model_substitution,both,1.0,pooled,True,True
model_substitution,both,1.0,per_tenant,True,True
model_substitution,both,1.0,ours,True,True
model_substitution,both,1.0,ours_shift_flag,True,True
model_substitution,both,1.0,ours_input,True,True
model_substitution,both,1.0,pooled,True,True
model_substitution,both,1.0,per_tenant,True,True
model_substitution,both,1.0,ours,True,True
model_substitution,both,1.0,ours_shift_flag,True,True
model_substitution,both,1.0,ours_input,True,True
model_substitution,both,1.0,pooled,True,True
model_substitution,both,1.0,per_tenant,True,True
model_substitution,both,1.0,ours,True,True
model_substitution,both,1.0,ours_shift_flag,True,True
model_substitution,both,1.0,ours_input,True,True
model_substitution,both,1.0,pooled,True,True
model_substitution,both,1.0,per_tenant,True,True
model_substitution,both,1.0,ours,True,True
model_substitution,both,1.0,ours_shift_flag,True,True
model_substitution,both,1.0,ours_input,True,True
model_substitution,both,1.0,pooled,True,True
model_substitution,both,1.0,per_tenant,True,True
model_substitution,both,1.0,ours,True,True
model_substitution,both,1.0,ours_shift_flag,True,True
model_substitution,both,1.0,ours_input,True,True
model_substitution,both,1.0,pooled,True,True
model_substitution,both,1.0,per_tenant,True,True
model_substitution,both,1.0,ours,True,True
model_substitution,both,1.0,ours_shift_flag,True,True
model_substitution,both,1.0,ours_input,True,True
model_substitution,both,1.0,pooled,True,True
model_substitution,both,1.0,per_tenant,True,True
model_substitution,both,1.0,ours,True,True
model_substitution,both,1.0,ours_shift_flag,True,True
model_substitution,both,1.0,ours_input,True,True
model_substitution,both,1.0,pooled,True,True
model_substitution,both,1.0,per_tenant,True,True
model_substitution,both,1.0,ours,True,True
model_substitution,both,1.0,ours_shift_flag,True,True
model_substitution,both,1.0,ours_input,True,True
model_substitution,both,1.0,pooled,True,True
model_substitution,both,1.0,per_tenant,True,True
model_substitution,both,1.0,ours,True,True
model_substitution,both,1.0,ours_shift_flag,True,True
model_substitution,both,1.0,ours_input,True,True
model_substitution,both,1.0,pooled,True,True
model_substitution,both,1.0,per_tenant,True,True
model_substitution,both,1.0,ours,True,True
model_substitution,both,1.0,ours_shift_flag,True,True
model_substitution,both,1.0,ours_input,True,True
model_substitution,both,1.0,pooled,True,True
model_substitution,both,1.0,per_tenant,True,True
model_substitution,both,1.0,ours,True,True
model_substitution,both,1.0,ours_shift_flag,True,True
model_substitution,both,1.0,ours_input,True,True
model_substitution,both,1.0,pooled,True,True
model_substitution,both,1.0,per_tenant,True,True
model_substitution,both,1.0,ours,True,True
model_substitution,both,1.0,ours_shift_flag,True,True
model_substitution,both,1.0,ours_input,True,True
model_substitution,both,1.0,pooled,True,True
model_substitution,both,1.0,per_tenant,True,True
model_substitution,both,1.0,ours,True,True
model_substitution,both,1.0,ours_shift_flag,True,True
model_substitution,both,1.0,ours_input,True,True
model_substitution,both,1.0,pooled,True,True
model_substitution,both,1.0,per_tenant,True,True
model_substitution,both,1.0,ours,True,True
model_substitution,both,1.0,ours_shift_flag,True,True
model_substitution,both,1.0,ours_input,True,True
model_substitution,both,1.0,pooled,True,True
model_substitution,both,1.0,per_tenant,True,True
model_substitution,both,1.0,ours,True,True
model_substitution,both,1.0,ours_shift_flag,True,True
model_substitution,both,1.0,ours_input,True,True
model_substitution,both,1.0,pooled,True,True
model_substitution,both,1.0,per_tenant,True,True
model_substitution,both,1.0,ours,True,True
model_substitution,both,1.0,ours_shift_flag,True,True
model_substitution,both,1.0,ours_input,True,True
model_substitution,both,1.0,pooled,True,True
model_substitution,both,1.0,per_tenant,True,True
model_substitution,both,1.0,ours,True,True
model_substitution,both,1.0,ours_shift_flag,True,True
model_substitution,both,1.0,ours_input,True,True
model_substitution,both,1.0,pooled,True,True
model_substitution,both,1.0,per_tenant,True,True
model_substitution,both,1.0,ours,True,True
model_substitution,both,1.0,ours_shift_flag,True,True
model_substitution,both,1.0,ours_input,True,True
model_substitution,both,1.0,pooled,True,True
model_substitution,both,1.0,per_tenant,True,True
model_substitution,both,1.0,ours,True,True
model_substitution,both,1.0,ours_shift_flag,True,True
model_substitution,both,1.0,ours_input,True,True
model_substitution,both,1.0,pooled,True,True
model_substitution,both,1.0,per_tenant,True,True
model_substitution,both,1.0,ours,True,True
model_substitution,both,1.0,ours_shift_flag,True,True
model_substitution,both,1.0,ours_input,True,True
model_substitution,both,1.0,pooled,True,True
model_substitution,both,1.0,per_tenant,True,True
model_substitution,both,1.0,ours,True,True
model_substitution,both,1.0,ours_shift_flag,True,True
model_substitution,both,1.0,ours_input,True,True
model_substitution,both,1.0,pooled,True,True
model_substitution,both,1.0,per_tenant,True,True
model_substitution,both,1.0,ours,True,True
model_substitution,both,1.0,ours_shift_flag,True,True
model_substitution,both,1.0,ours_input,True,True
model_substitution,both,1.0,pooled,True,True
model_substitution,both,1.0,per_tenant,True,True
model_substitution,both,1.0,ours,True,True
model_substitution,both,1.0,ours_shift_flag,True,True
model_substitution,both,1.0,ours_input,True,True
model_substitution,both,1.0,pooled,True,True
model_substitution,both,1.0,per_tenant,True,True
model_substitution,both,1.0,ours,True,True
model_substitution,both,1.0,ours_shift_flag,True,True
model_substitution,both,1.0,ours_input,True,True
model_substitution,both,1.0,pooled,True,True
model_substitution,both,1.0,per_tenant,True,True
model_substitution,both,1.0,ours,True,True
model_substitution,both,1.0,ours_shift_flag,True,True
model_substitution,both,1.0,ours_input,True,True
model_substitution,both,1.0,pooled,True,True
model_substitution,both,1.0,per_tenant,True,True
model_substitution,both,1.0,ours,True,True
model_substitution,both,1.0,ours_shift_flag,True,True
model_substitution,both,1.0,ours_input,True,True
model_substitution,both,1.0,pooled,True,True
model_substitution,both,1.0,per_tenant,True,True
model_substitution,both,1.0,ours,True,True
model_substitution,both,1.0,ours_shift_flag,True,True
model_substitution,both,1.0,ours_input,True,True
model_substitution,both,1.0,pooled,True,True
model_substitution,both,1.0,per_tenant,True,True
model_substitution,both,1.0,ours,True,True
model_substitution,both,1.0,ours_shift_flag,True,True
model_substitution,both,1.0,ours_input,True,True
model_substitution,both,1.0,pooled,True,True
model_substitution,both,1.0,per_tenant,True,True
model_substitution,both,1.0,ours,True,True
model_substitution,both,1.0,ours_shift_flag,True,True
model_substitution,both,1.0,ours_input,True,True
model_substitution,both,1.0,pooled,True,True
model_substitution,both,1.0,per_tenant,True,True
model_substitution,both,1.0,ours,True,True
model_substitution,both,1.0,ours_shift_flag,True,True
model_substitution,both,1.0,ours_input,True,True
model_substitution,both,1.0,pooled,True,True
model_substitution,both,1.0,per_tenant,True,True
model_substitution,both,1.0,ours,True,True
model_substitution,both,1.0,ours_shift_flag,True,True
model_substitution,both,1.0,ours_input,True,True
model_substitution,both,1.0,pooled,True,True
model_substitution,both,1.0,per_tenant,True,True
model_substitution,both,1.0,ours,True,True
model_substitution,both,1.0,ours_shift_flag,True,True
model_substitution,both,1.0,ours_input,True,True
model_substitution,both,1.0,pooled,True,True
model_substitution,both,1.0,per_tenant,True,True
model_substitution,both,1.0,ours,True,True
model_substitution,both,1.0,ours_shift_flag,True,True
model_substitution,both,1.0,ours_input,True,True
model_substitution,both,1.0,pooled,True,True
model_substitution,both,1.0,per_tenant,True,True
model_substitution,both,1.0,ours,True,True
model_substitution,both,1.0,ours_shift_flag,True,True
model_substitution,both,1.0,ours_input,True,True
model_substitution,both,1.0,pooled,True,True
model_substitution,both,1.0,per_tenant,True,True
model_substitution,both,1.0,ours,True,True
model_substitution,both,1.0,ours_shift_flag,True,True
model_substitution,both,1.0,ours_input,True,True
model_substitution,both,1.0,pooled,True,True
model_substitution,both,1.0,per_tenant,True,True
model_substitution,both,1.0,ours,True,True
model_substitution,both,1.0,ours_shift_flag,True,True
model_substitution,both,1.0,ours_input,True,True
model_substitution,both,1.0,pooled,True,True
model_substitution,both,1.0,per_tenant,True,True
model_substitution,both,1.0,ours,True,True
model_substitution,both,1.0,ours_shift_flag,True,True
model_substitution,both,1.0,ours_input,True,True
model_substitution,both,1.0,pooled,True,True
model_substitution,both,1.0,per_tenant,True,True
model_substitution,both,1.0,ours,True,True
model_substitution,both,1.0,ours_shift_flag,True,True
model_substitution,both,1.0,ours_input,True,True
model_substitution,both,1.0,pooled,True,True
model_substitution,both,1.0,per_tenant,True,True
model_substitution,both,1.0,ours,True,True
model_substitution,both,1.0,ours_shift_flag,True,True
model_substitution,both,1.0,ours_input,True,True
model_substitution,both,1.0,pooled,True,True
model_substitution,both,1.0,per_tenant,True,True
model_substitution,both,1.0,ours,True,True
model_substitution,both,1.0,ours_shift_flag,True,True
model_substitution,both,1.0,ours_input,True,True
model_substitution,both,1.0,pooled,True,True
model_substitution,both,1.0,per_tenant,True,True
model_substitution,both,1.0,ours,True,True
model_substitution,both,1.0,ours_shift_flag,True,True
model_substitution,both,1.0,ours_input,True,True
model_substitution,both,1.0,pooled,True,True
model_substitution,both,1.0,per_tenant,True,True
model_substitution,both,1.0,ours,True,True
model_substitution,both,1.0,ours_shift_flag,True,True
model_substitution,both,1.0,ours_input,True,True
model_substitution,both,1.0,pooled,True,True
model_substitution,both,1.0,per_tenant,True,True
model_substitution,both,1.0,ours,True,True
model_substitution,both,1.0,ours_shift_flag,True,True
model_substitution,both,1.0,ours_input,True,True
model_substitution,both,1.0,pooled,True,True
model_substitution,both,1.0,per_tenant,True,True
model_substitution,both,1.0,ours,True,True
model_substitution,both,1.0,ours_shift_flag,True,True
model_substitution,both,1.0,ours_input,True,True
model_substitution,both,1.0,pooled,True,True
model_substitution,both,1.0,per_tenant,True,True
model_substitution,both,1.0,ours,True,True
model_substitution,both,1.0,ours_shift_flag,True,True
model_substitution,both,1.0,ours_input,True,True
model_substitution,both,1.0,pooled,True,True
model_substitution,both,1.0,per_tenant,True,True
model_substitution,both,1.0,ours,True,True
model_substitution,both,1.0,ours_shift_flag,True,True
model_substitution,both,1.0,ours_input,True,True
model_substitution,both,1.0,pooled,True,True
model_substitution,both,1.0,per_tenant,True,True
model_substitution,both,1.0,ours,True,True
model_substitution,both,1.0,ours_shift_flag,True,True
model_substitution,both,1.0,ours_input,True,True
model_substitution,both,1.0,pooled,True,True
model_substitution,both,1.0,per_tenant,True,True
model_substitution,both,1.0,ours,True,True
model_substitution,both,1.0,ours_shift_flag,True,True
model_substitution,both,1.0,ours_input,True,True
model_substitution,both,1.0,pooled,True,True
model_substitution,both,1.0,per_tenant,True,True
model_substitution,both,1.0,ours,True,True
model_substitution,both,1.0,ours_shift_flag,True,True
model_substitution,both,1.0,ours_input,True,True
model_substitution,both,1.0,pooled,True,True
model_substitution,both,1.0,per_tenant,True,True
model_substitution,both,1.0,ours,True,True
model_substitution,both,1.0,ours_shift_flag,True,True
model_substitution,both,1.0,ours_input,True,True
model_substitution,both,1.0,pooled,True,True
model_substitution,both,1.0,per_tenant,True,True
model_substitution,both,1.0,ours,True,True
model_substitution,both,1.0,ours_shift_flag,True,True
model_substitution,both,1.0,ours_input,True,True
